339
t_index	 tf-idf
9  0.029144965635045657
10  0.023338440740168897
78  0.021946345197736732
148  0.032845444910233064
152  0.04791567535454847
162  0.06153936911227643
165  0.06973178065040296
243  0.06369425521355346
271  0.0533469575741499
336  0.024916668499467463
337  0.036962134497896856
460  0.06153936911227643
482  0.027377627417338162
526  0.03514020425934824
537  0.044208509147641545
556  0.04565756456657716
635  0.031073279593622865
636  0.029664572451128038
638  0.04618294668279838
711  0.06973178065040296
810  0.03972326381642195
841  0.06633162265255578
961  0.02574480763719848
1067  0.042917866172326326
1095  0.07652450348691611
1118  0.050709590135147586
1132  0.02288086805549634
1138  0.04403133186620844
1150  0.03671843201864681
1157  0.06973178065040296
1161  0.13946356130080592
1274  0.026331001398410544
1299  0.029464901851687795
1353  0.04241900458512108
1416  0.02244035179380969
1422  0.016858313046866143
1471  0.04855470403387056
1475  0.032845444910233064
1544  0.042160659904395166
1635  0.06153936911227643
1644  0.03153085227829542
1662  0.05240092068576807
1700  0.04139069314251904
1704  0.06369425521355346
1800  0.06369425521355346
1857  0.06973178065040296
1899  0.06369425521355346
1948  0.04855470403387056
1962  0.04139069314251904
1976  0.02303143253110915
2004  0.04212963071345153
2066  0.06973178065040296
2068  0.06369425521355346
2074  0.3311255451401523
2092  0.05550184367542693
2152  0.04069524835847245
2223  0.06247843456356879
2242  0.0533469575741499
2427  0.05306608619214655
2467  0.11042697821363662
2500  0.059717438873727824
2504  0.030208077471230745
2573  0.06369425521355346
2610  0.03671843201864681
2657  0.028647243609845573
2672  0.0533469575741499
2695  0.02120950229256054
2696  0.09461886427460081
2709  0.04618294668279838
2763  0.030489499135430715
2777  0.024310425282219394
2840  0.041031826187927736
2899  0.032672899488171286
2904  0.04212963071345153
2917  0.06633162265255578
2974  0.05739187157511155
3067  0.07598107028934371
3147  0.060139680410663074
3199  0.031073279593622865
3205  0.026842732905030846
3232  0.0278236860713885
3233  0.03882517487006274
3284  0.02643159052895633
3293  0.06369425521355346
3354  0.03972326381642195
3455  0.06633162265255578
3508  0.059717438873727824
3561  0.024916668499467463
3568  0.027710583280066578
3585  0.038262251743458056
3609  0.04618294668279838
3655  0.026842732905030846
3696  0.04636787965543475
3741  0.03557003895546469
3751  0.010353775661763027
3771  0.06732105538142907
3784  0.019518171741940052
3792  0.03721096793077598
3865  0.04103785644835959
3922  0.04618294668279838
3960  0.05550184367542693
3963  0.01859813959782003
3964  0.04376245049359122
3987  0.0347254546341998
3989  0.028647243609845573
4043  0.07343686403729362
4141  0.06369425521355346
4240  0.08350877607635239
4346  0.05240092068576807
4407  0.05240092068576807
4444  0.042917866172326326
4446  0.05432151233508603
4530  0.034324767058894534
4549  0.038540362257195426
4671  0.024653033372106538
4711  0.04212963071345153
4719  0.02979812360654533
4744  0.030208077471230745
4797  0.02927274149032411
4806  0.04855470403387056
4928  0.034129404734960844
4955  0.047309432137300406
4963  0.06153936911227643
4976  0.04376245049359122
4984  0.019350521392012432
5156  0.010965476810994013
5186  0.06973178065040296
5219  0.04565756456657716
5226  0.032169880957617504
5228  0.04036229249574403
5253  0.04003845986889815
5295  0.06904682587307415
5298  0.038262251743458056
5310  0.06633162265255578
5315  0.012984665078405873
5327  0.020639030368676203
5430  0.026842732905030846
5463  0.057555647637634905
5658  0.033748108716916074
5687  0.042917866172326326
5690  0.022226101489030047
5768  0.013582389987898564
5918  0.07883251121472441
5982  0.027377627417338162
6070  0.05240092068576807
6073  0.06973178065040296
6147  0.030208077471230745
6148  0.030489499135430715
6180  0.022512640407530902
6284  0.06973178065040296
6323  0.044208509147641545
6330  0.044065369552109435
6399  0.046744875367495706
6516  0.0533469575741499
6520  0.04565756456657716
6557  0.016635723577344923
6723  0.13138177964093226
6724  0.14687372807458723
6811  0.02574480763719848
6824  0.050709590135147586
6840  0.06153936911227643
6866  0.01907628283621272
6994  0.047309432137300406
7007  0.03535316770566954
7021  0.06973178065040296
7032  0.06712395300009935
7054  0.054375358220924916
7079  0.04791567535454847
7183  0.05674711557199708
7195  0.027096756035334804
7297  0.03306058560811395
7335  0.043332615797474765
7338  0.017600150311507724
7455  0.06973178065040296
7469  0.03579096410737434
7501  0.031223844069235677
7528  0.036245602908080245
7552  0.06973178065040296
7575  0.01957458784666456
7679  0.013582389987898564
7686  0.06633162265255578
7690  0.08271644572880883
7697  0.02303143253110915
7732  0.01924006122820269
7909  0.031163250244997137
7933  0.03911702059917388
7935  0.06973178065040296
7967  0.049230267986486116
7991  0.019977225616099974
8007  0.06825354486457959
8103  0.054375358220924916
8121  0.038540362257195426
8143  0.016635723577344923
8228  0.019130623858370516
8349  0.050555173330104376
8370  0.020639030368676203
8400  0.06583903559321021
8401  0.04069524835847245
8413  0.02927274149032411
8477  0.044208509147641545
8519  0.05240092068576807
8562  0.037724925056741715
8572  0.02448048795004476
8575  0.08271644572880883
8608  0.054375358220924916
8618  0.01946202364822473
8698  0.0347254546341998
8737  0.06369425521355346
8748  0.022585373877058817
8750  0.06369425521355346
8761  0.08666523159494953
8808  0.02663537405132179
8864  0.023745815080900172
8871  0.04103785644835959
9002  0.06153936911227643
9010  0.05152502733560129
9126  0.07610869488576945
9127  0.013017090754434014
9128  0.009359984560945424
9160  0.09367153220770703
9202  0.021926432649465522
9227  0.036479653160171564
9231  0.016635723577344923
9236  0.02265855771149615
9478  0.10305005467120258
9494  0.04673277379532195
9526  0.017939943982641482
9528  0.02095255409691913
9642  0.06771724843163195
9755  0.06369425521355346
9758  0.04515454603602338
9792  0.057555647637634905
9800  0.05129974836608543
9823  0.032845444910233064
9843  0.0745240341906823
9865  0.059717438873727824
9866  0.019406141031121288
9917  0.05240092068576807
9928  0.049230267986486116
9973  0.014429497612225763
9997  0.0745240341906823
10035  0.02536956496192315
10047  0.008203210215441438
10077  0.02643159052895633
10094  0.0347254546341998
10252  0.04036229249574403
10270  0.11865828980451215
10462  0.022226101489030047
10542  0.03168739961989222
10560  0.04376245049359122
10596  0.026842732905030846
10649  0.10068592950014903
10710  0.035618722621350254
10717  0.03337873017051271
10730  0.10695439495206431
10731  0.07343686403729362
10738  0.028406028064113166
10758  0.02940191383068707
10948  0.03233518647041831
11035  0.0745240341906823
11046  0.101811657525975
11064  0.04036229249574403
11080  0.059717438873727824
11091  0.02536956496192315
11118  0.1490480683813646
11141  0.04327609732536237
11239  0.02070107330116658
11459  0.06500567364069185
11470  0.02422630285237011
11473  0.03514020425934824
11512  0.018340631557946747
11585  0.04139069314251904
11604  0.04618294668279838
11651  0.03746515302845064
11703  0.06973178065040296
11711  0.023260937829674373
11761  0.02757708641113522
11785  0.04003845986889815
11786  0.06184921812209471
11897  0.059717438873727824
11929  0.05240092068576807
11941  0.036016097609515026
11969  0.057294487219691145
12027  0.07028040851869648
12036  0.04036229249574403
12220  0.030865632891042834
12340  0.031073279593622865
12373  0.043211424136837616
12380  0.06973178065040296
12389  0.030208077471230745
12393  0.05152502733560129
12412  0.037724925056741715
12511  0.10017940787596052
12534  0.07070633541133908
12563  0.028287241622045035
12564  0.02927274149032411
12612  0.04994679957630273
12668  0.05674711557199708
12682  0.02303143253110915
12740  0.04994679957630273
12760  0.0745240341906823
12777  0.15720276205730424
12801  0.039416255607362206
12811  0.050709590135147586
12822  0.05674711557199708
12868  0.023260937829674373
12883  0.061731934264931405
12899  0.02244035179380969
12941  0.06909429759332746
12948  0.02967804198596525
13057  0.04467206469829809
13111  0.03168739961989222
13132  0.05410758958098457
13175  0.03579096410737434
13200  0.04565756456657716
13235  0.03302054665359798
13291  0.049230267986486116
13314  0.015474323572951752
13369  0.04515454603602338
13495  0.049230267986486116
13520  0.012665209104636846
13631  0.058139211114429254
13661  0.0299830565791817
13699  0.06973178065040296
13702  0.05240092068576807
13895  0.04069524835847245
13931  0.06973178065040296
13951  0.059717438873727824
13959  0.03302054665359798
13999  0.04994679957630273
14009  0.058139211114429254
14021  0.026842732905030846
14041  0.0370923743997791
14111  0.026533043096073274
14252  0.034129404734960844
14278  0.04845260570474022
14285  0.017744581658707795
14296  0.034324767058894534
14392  0.02236850262726367
