243
t_index	 tf-idf
325  0.04518524178651889
397  0.03604348841503195
761  0.029551278559298212
975  0.04200869383884268
1011  0.025964292761859634
1056  0.049716578552690266
1072  0.04868802087471922
1087  0.054427796702732054
1106  0.1491497356580708
1282  0.021467838707029355
1285  0.30379967734521557
1299  0.016015285579141638
1302  0.024858289276345133
1308  0.023762082265995486
1332  0.020683973253783874
1333  0.011241890008782554
1355  0.03466453548758334
1416  0.018295766482606453
1486  0.01657812517276571
1495  0.040721954361413494
1549  0.030757379641542567
1551  0.0395869697052085
1630  0.01657812517276571
1681  0.024570937283008736
1700  0.0337461044838721
1717  0.014042361459755747
1743  0.06743926250491966
1770  0.04433258736578941
1900  0.018178962240468596
1957  0.04349412555124926
1978  0.019091590032928776
2000  0.012736745909706696
2011  0.054080608433166574
2045  0.023659019978854244
2105  0.024404735822472334
2155  0.022232345960641324
2244  0.028084722919511494
2590  0.010639429344741864
2604  0.014788511671152816
2616  0.011975595253629205
2695  0.01729224678483152
2706  0.07225422754068916
2817  0.023159621601954797
2840  0.01672675894716387
2966  0.03404262732553695
2972  0.06075993546904311
2986  0.02060898274309664
3000  0.04868802087471922
3012  0.017031086302085285
3028  0.1387988902232551
3140  0.012802974568970634
3169  0.04200869383884268
3234  0.051930345405377186
3235  0.12151987093808622
3276  0.09050203673900128
3289  0.032136332568991184
3324  0.0395869697052085
3345  0.022592620893259446
3468  0.036814798515372726
3481  0.009466176418940526
3492  0.0337554425650262
3545  0.03142221095692537
3721  0.06743926250491966
3723  0.051930345405377186
3808  0.035561898364749586
3839  0.10612956113329587
3902  0.023557048318389638
3917  0.03345843440533899
3948  0.041343862523459875
4077  0.03189236429774756
4111  0.04868802087471922
4192  0.03238663838205557
4225  0.02558134573558898
4232  0.06743926250491966
4233  0.030973933294036332
4313  0.02197071273121306
4384  0.06477327676411114
4437  0.016979692942977704
4457  0.04151910386269191
4505  0.017134702698193706
4594  0.04326512926527312
4644  0.030545585797488943
4689  0.030973933294036332
4741  0.051930345405377186
4789  0.012129286422090123
4809  0.061603713946468464
4825  0.06378472859549512
4857  0.03165442055435953
4879  0.04293567741405871
4897  0.025964292761859634
4979  0.03466453548758334
4990  0.01750639408645971
5032  0.04309969937414775
5036  0.022321159787414648
5039  0.10816121686633315
5046  0.019959102915571632
5116  0.03189236429774756
5128  0.01573147276530479
5290  0.015641832751538107
5327  0.01682713727139019
5346  0.023557048318389638
5371  0.014870522651197336
5495  0.026228315633455415
5498  0.02558134573558898
5531  0.024294606258159792
5691  0.06514798720146905
5768  0.033221435801577
5949  0.03532936680296614
6017  0.019027984310302486
6187  0.012067515492676555
6234  0.029180608553405436
6271  0.018839648048370326
6625  0.0337461044838721
6651  0.020029184911682336
6696  0.03811140448422762
6871  0.28505368052989444
6879  0.021305881415830258
6904  0.026351198768156357
6959  0.036947342406330096
6962  0.011854383190117945
7160  0.16509033066530762
7211  0.06743926250491966
7262  0.032136332568991184
7263  0.12151987093808622
7297  0.008984837665381124
7438  0.024404735822472334
7518  0.01672675894716387
7539  0.06440351612108806
7549  0.1835982094341879
7563  0.017452409452319104
7589  0.014427862144976322
7595  0.10826710979198224
7618  0.04349412555124926
7909  0.012703801494742541
7962  0.016480294566078257
7965  0.01374469356051827
8005  0.04525101836950064
8143  0.02712642980260708
8290  0.0395869697052085
8417  0.3979694573610164
8464  0.054080608433166574
8493  0.0501734525871258
8496  0.07362959703074545
8518  0.06420778827812346
8739  0.1003469051742516
8805  0.017452409452319104
8808  0.021715995733823015
8864  0.019360119290961802
8885  0.014829429915188319
9101  0.03906596541793211
9114  0.06743926250491966
9126  0.020683973253783874
9128  0.007631257004406634
9202  0.011917843214973776
9238  0.11167473850009643
9254  0.06743926250491966
9289  0.024742883921048835
9396  0.10926428491750416
9526  0.014626554379953716
9642  0.007887188321247742
9684  0.06743926250491966
9929  0.014788511671152816
10000  0.04525101836950064
10004  0.03906596541793211
10044  0.027825928263453415
10111  0.046125548468163274
10124  0.0674922089677442
10175  0.0337461044838721
10176  0.08347778479036025
10193  0.023257452208642247
10301  0.03155321484778169
10429  0.06743926250491966
10468  0.030757379641542567
10712  0.026499776739300214
10726  0.05116269147117796
10812  0.036814798515372726
10850  0.029936779244518787
10874  0.049150341594615295
11022  0.04740128139729003
11066  0.13262500138212568
11130  0.06743926250491966
11141  0.05096474777440542
11150  0.054080608433166574
11194  0.029364161379155415
11196  0.31675712858650457
11235  0.06075993546904311
11236  0.041343862523459875
11240  0.04837144224467249
11252  0.0118200959353678
11388  0.049950187036965986
11405  0.020099780333585903
11732  0.03165442055435953
11759  0.04740128139729003
11788  0.024975093518482993
11858  0.03567981385916773
11964  0.04868802087471922
12019  0.029180608553405436
12225  0.11342417171639436
12328  0.0395869697052085
12403  0.023866258761612403
12539  0.04349412555124926
12540  0.030338347014730784
12570  0.09841881634965809
12682  0.03755535699447621
12711  0.032643619797736174
12773  0.022321159787414648
12826  0.045743903046843344
12832  0.07813193083586421
12859  0.019416072945583236
12868  0.018964795677380904
12939  0.02017089675962526
12941  0.018777678497238104
12947  0.061091171594977886
13013  0.008007642789570819
13058  0.01324492509309583
13109  0.04200869383884268
13141  0.030338347014730784
13164  0.0501734525871258
13206  0.023469353810994676
13208  0.024975093518482993
13314  0.006308158917658245
13335  0.06743926250491966
13440  0.04200869383884268
13522  0.054427796702732054
13655  0.05159642365058126
13661  0.024445383327671804
13668  0.014747766443464977
13687  0.06743926250491966
13733  0.03722491283336548
13806  0.01982044970342367
13849  0.03434856514791279
13850  0.04500256303505779
13935  0.03119546562501395
13975  0.013072537096936936
13995  0.022232345960641324
14138  0.04626629674108503
14229  0.040721954361413494
14234  0.03950372826562695
14303  0.023062774234081637
14323  0.03119546562501395
14326  0.029936779244518787
14359  0.06743926250491966
14383  0.014626554379953716
