1280
t_index	 tf-idf
209  0.005991096202215869
319  0.006219861198599597
336  0.003901447280727652
338  0.005198180707547488
369  0.007149052897128955
386  0.010918589136610547
397  0.0069221600713906
420  0.0048421694871193365
457  0.007940098113189317
555  0.00452413643739792
636  0.00464487319104781
702  0.005037153927143653
706  0.021837178273221094
854  0.01357002570977635
890  0.0045835203726898475
913  0.018701090758654566
916  0.01961368274496304
917  0.030372425531684726
927  0.02222310603467533
930  0.008690468273777997
934  0.011668959297199228
942  0.05391986581994281
949  0.006785012854888175
961  0.0040311171516028
964  0.010918589136610547
968  0.02607140482133399
969  0.0037415804129441277
972  0.012048757467465268
981  0.013193299352083812
995  0.004107285948495268
997  0.023242951605437094
998  0.013631160353298909
1000  0.00928974638209562
1004  0.015594542122642462
1012  0.01051025597220292
1018  0.010386193034979674
1029  0.08758179934786221
1049  0.007317408956519049
1059  0.01640985266722031
1066  0.005787524087732333
1067  0.013440142872730718
1070  0.009635822874390994
1087  0.036585047171322466
1089  0.012951725559418783
1093  0.032271116468430915
1098  0.014457539604557536
1103  0.006372054355906052
1104  0.008277306975987372
1112  0.009248340154537462
1116  0.0638677417622891
1117  0.022997460796943134
1122  0.0056041424476278206
1132  0.017913410145042524
1138  0.0034472088429459828
1167  0.009972896550328613
1240  0.010178576187372996
1246  0.005037153927143653
1255  0.018833319759985263
1261  0.015605789122910607
1274  0.004122903260797502
1281  0.0061717899108019204
1282  0.004122903260797502
1292  0.021082236452213153
1299  0.023068044030170282
1308  0.004563513253233672
1332  0.04369597896270097
1333  0.0194310675827856
1353  0.0033209798912991017
1381  0.02322436595523905
1393  0.01640985266722031
1422  0.010558685980954014
1433  0.011668959297199228
1465  0.016135558234215457
1466  0.008885452713802313
1468  0.009087440235532606
1470  0.01640985266722031
1475  0.00514293360414766
1499  0.0234619815316217
1505  0.007602686451582761
1507  0.00835305661217144
1513  0.00534397579270729
1514  0.03500687789159768
1516  0.005063037433336295
1522  0.015641321021081133
1543  0.03268947124160507
1544  0.01650377055235147
1586  0.04213781227731876
1592  0.012809181153335132
1594  0.021837178273221094
1627  0.007940098113189317
1630  0.006367665349593353
1637  0.006785012854888175
1642  0.008690468273777997
1644  0.009874189872760087
1677  0.008690468273777997
1678  0.012951725559418783
1685  0.00525512798610146
1695  0.007820660510540567
1696  0.010386193034979674
1712  0.005037153927143653
1717  0.002696838682357302
1730  0.005948550868136168
1750  0.010473821383044195
1779  0.014482810338207643
1787  0.020772386069959348
1795  0.012951725559418783
1797  0.0061717899108019204
1812  0.010386193034979674
1829  0.04196846107545792
1849  0.014140580699903774
1859  0.01028586720829532
1860  0.008690468273777997
1900  0.02094764276608839
1910  0.007940098113189317
1911  0.011982192404431737
1940  0.03495891827991514
1956  0.01306988264085448
1961  0.025023371242246347
1969  0.007070290349951887
1972  0.00626921453738386
1978  0.003666544167522448
1985  0.0036181586526206756
2000  0.024460949217903576
2018  0.007708466128586768
2045  0.022718600588831513
2055  0.028751001639466877
2086  0.019748379745520173
2088  0.009103426772760121
2089  0.01851536973240576
2090  0.025903451118837566
2095  0.02057173441659064
2099  0.011139100057549053
2119  0.07643012395627384
2136  0.005469491038010917
2178  0.009548080113135236
2202  0.008514083392575277
2244  0.002696838682357302
2254  0.015416932257173535
2265  0.0276886402855624
2290  0.041024631668050766
2293  0.008690468273777997
2294  0.015416932257173535
2304  0.017380936547555993
2306  0.009350545379327283
2318  0.007708466128586768
2320  0.006372054355906052
2331  0.012951725559418783
2354  0.01306988264085448
2372  0.010918589136610547
2395  0.024009037628947565
2416  0.03740218151730913
2455  0.008885452713802313
2467  0.06916254215603054
2470  0.00685231629099408
2497  0.009350545379327283
2521  0.02233299468508115
2525  0.012951725559418783
2536  0.07633932140529746
2541  0.011897101736272337
2590  0.024519657635082428
2598  0.006219861198599597
2604  0.0028401369985779487
2611  0.010854475957862026
2616  0.07819713607082433
2622  0.027116776873009944
2636  0.010386193034979674
2643  0.015880196226378634
2645  0.0035710060248195863
2656  0.005437305174145805
2662  0.007317408956519049
2665  0.004751876432079942
2689  0.039892938143990204
2695  0.009962939673897305
2706  0.024283771189022713
2714  0.011652972759971713
2740  0.019577072226639673
2742  0.007502627460819151
2785  0.014140580699903774
2790  0.006319920189363206
2791  0.022008986370674485
2792  0.010386193034979674
2807  0.005535592369154045
2817  0.008895621093917614
2823  0.0225263259895446
2827  0.006319920189363206
2830  0.010386193034979674
2836  0.008204926333610155
2849  0.011668959297199228
2863  0.03062467874669445
2878  0.019789949028125718
2881  0.011668959297199228
2895  0.0031838326747966766
2897  0.03544177014228649
2899  0.025579582371603606
2920  0.012158477199615932
2966  0.006537894248321014
2976  0.02004650978491786
2980  0.010386193034979674
2981  0.037407830548951033
3011  0.019271645748781988
3012  0.013083295846973046
3042  0.0025842174429399276
3057  0.01087496003708683
3061  0.006720071436365359
3089  0.01927709959910164
3138  0.005991096202215869
3162  0.017380936547555993
3163  0.010918589136610547
3170  0.025903451118837566
3171  0.009350545379327283
3178  0.06055090821149276
3183  0.00699474351257632
3190  0.014389417012765237
3195  0.004543720117766303
3198  0.01857949276419124
3199  0.01946179316491223
3207  0.016311915522437416
3220  0.010918589136610547
3224  0.007820660510540567
3232  0.004356627546951494
3252  0.008690468273777997
3254  0.008885452713802313
3257  0.017355671732391272
3269  0.003833150212101167
3273  0.011350659411557065
3276  0.008690468273777997
3280  0.02149826235500084
3286  0.029331433174547006
3297  0.025316881982694408
3305  0.005198180707547488
3324  0.030410745806331043
3326  0.007502627460819151
3329  0.003929487825127553
3355  0.005866286634909401
3365  0.019271645748781988
3368  0.008663386834464512
3375  0.005826486379985857
3379  0.010341626528837949
3380  0.012851399732734428
3385  0.015205372903165522
3390  0.02740926516397632
3413  0.017380936547555993
3424  0.012951725559418783
3435  0.02121087104985566
3436  0.009973234535997551
3438  0.0069221600713906
3443  0.014667070945747101
3449  0.006079238599807966
3462  0.007940098113189317
3464  0.012951725559418783
3471  0.007502627460819151
3481  0.03635962628334363
3488  0.01837480724801667
3489  0.008514083392575277
3491  0.026569417069111766
3504  0.022507882382457448
3539  0.011498730398471567
3545  0.02413857077719798
3546  0.007407702011558444
3566  0.07822437837731787
3568  0.017355671732391272
3571  0.008067779117107729
3572  0.011139100057549053
3575  0.011668959297199228
3598  0.012951725559418783
3639  0.011278787618342095
3640  0.020772386069959348
3653  0.008885452713802313
3655  0.004203030084133018
3703  0.011668959297199228
3714  0.004374508270834889
3725  0.007940098113189317
3751  0.003242384502704512
3753  0.012951725559418783
3756  0.011668959297199228
3778  0.0446659893701623
3784  0.02139306169614785
3788  0.07317009434264493
3793  0.032271116468430915
3796  0.004819179868185845
3806  0.004374508270834889
3808  0.04097802356233483
3811  0.008895621093917614
3821  0.017770905427604625
3840  0.0036421932829702993
3846  0.012951725559418783
3847  0.017028166785150553
3861  0.012951725559418783
3890  0.035260077490005565
3891  0.006521907711093499
3915  0.003341429165941976
3917  0.01927709959910164
3939  0.0048421694871193365
3944  0.007940098113189317
3964  0.00685231629099408
3967  0.00464487319104781
3977  0.00441079650262195
3989  0.01794232012748628
3991  0.007940098113189317
3994  0.007940098113189317
4008  0.012951725559418783
4014  0.018206853545520242
4022  0.006319920189363206
4026  0.020160214309096078
4032  0.012639840378726412
4034  0.01610995781646613
4039  0.06455998727094697
4040  0.004751876432079942
4072  0.018206853545520242
4073  0.015347749422962161
4076  0.009923214179536172
4077  0.00612493574933889
4089  0.012951725559418783
4091  0.021837178273221094
4092  0.0455171338638006
4126  0.04667583718879691
4127  0.009923214179536172
4191  0.0069221600713906
4199  0.009103426772760121
4202  0.006480946969767041
4203  0.0138443201427812
4225  0.03439032248738644
4237  0.02607140482133399
4239  0.010386193034979674
4246  0.00626921453738386
4250  0.007820660510540567
4263  0.01707890820444684
4269  0.016135558234215457
4351  0.014140580699903774
4355  0.005675329705778533
4410  0.00685231629099408
4436  0.006682858331883952
4437  0.009782861566640247
4444  0.006720071436365359
4452  0.006425699866367214
4457  0.055816272763118256
4473  0.019096160226270472
4474  0.025058137231147325
4497  0.03761528722430316
4503  0.019748379745520173
4505  0.0032907235139626296
4511  0.025903451118837566
4512  0.0069221600713906
4515  0.008713255093902987
4530  0.00537456558875021
4545  0.004816906955745832
4565  0.013075788496642027
4580  0.006425699866367214
4601  0.00426972705111171
4607  0.011668959297199228
4622  0.007502627460819151
4624  0.011668959297199228
4628  0.008690468273777997
4634  0.012961893939534083
4635  0.026048184778457197
4643  0.007602686451582761
4647  0.013440142872730718
4648  0.05948550868136168
4649  0.00699474351257632
4662  0.019946469071995102
4670  0.01370463258198816
4671  0.007720334683856213
4691  0.011668959297199228
4701  0.012951725559418783
4703  0.012951725559418783
4704  0.009103426772760121
4717  0.007407702011558444
4748  0.004986448275164306
4757  0.007820660510540567
4770  0.025702799465468856
4778  0.022847909001427066
4779  0.011278787618342095
4782  0.02554225017772583
4789  0.004658864380642829
4793  0.004729975105165537
4795  0.021606880927041335
4797  0.032084642608828935
4802  0.014815404023116888
4805  0.009825806424967554
4806  0.007602686451582761
4809  0.00394366904796937
4820  0.01253842907476772
4821  0.010386193034979674
4825  0.08574910049074445
4829  0.009973234535997551
4832  0.01370463258198816
4835  0.007149052897128955
4845  0.009350545379327283
4846  0.01012607486667259
4850  0.014462634260711444
4857  0.006079238599807966
4860  0.007407702011558444
4883  0.008204926333610155
4897  0.004986448275164306
4904  0.006425699866367214
4905  0.00685231629099408
4912  0.007407702011558444
4928  0.00534397579270729
4943  0.0033517391676777886
4949  0.030007486365884812
4954  0.007149052897128955
4961  0.004170561873707724
4962  0.007820660510540567
4975  0.01028586720829532
4976  0.02055694887298224
4984  0.00908970303158418
4990  0.006724213857656513
5026  0.0057493651992357835
5036  0.004286783766554973
5046  0.045997802545214
5051  0.028860322825582513
5063  0.014526508461358008
5066  0.009635822874390994
5087  0.009350545379327283
5112  0.014811284809140129
5114  0.013690539759701017
5118  0.00537456558875021
5123  0.003165044284739254
5127  0.015852817601132444
5128  0.018127397335061468
5129  0.011982192404431737
5135  0.005469491038010917
5141  0.0080622343032056
5156  0.022320639933530353
5167  0.008690468273777997
5172  0.009350545379327283
5173  0.00685231629099408
5227  0.011668959297199228
5240  0.011498730398471567
5260  0.00835305661217144
5277  0.005948550868136168
5280  0.011668959297199228
5288  0.009350545379327283
5290  0.003004017504335419
5291  0.011668959297199228
5309  0.005639393809171047
5315  0.024397637073698807
5327  0.025853244035557374
5328  0.010918589136610547
5333  0.008885452713802313
5341  0.009350545379327283
5346  0.03619309149918336
5348  0.03554181085520925
5349  0.00520963695569144
5364  0.007820660510540567
5367  0.005469491038010917
5371  0.0028558872257741326
5373  0.008690468273777997
5375  0.0028090330643111023
5430  0.02521818050479811
5432  0.04287455024537223
5433  0.012951725559418783
5437  0.008067779117107729
5464  0.043579525384074023
5466  0.009635822874390994
5471  0.03176039245275727
5501  0.02507685814953544
5510  0.01640985266722031
5523  0.015880196226378634
5531  0.01866313842366646
5562  0.005469491038010917
5570  0.008514083392575277
5603  0.004338917933097818
5607  0.043452341368889986
5627  0.02067318296649251
5629  0.023337918594398457
5631  0.03115857910493903
5647  0.008277306975987372
5665  0.06260081870514127
5690  0.013920635211309472
5691  0.016682247494830896
5719  0.10519722761022228
5720  0.022507882382457448
5726  0.019442840909301127
5742  0.04379242336563355
5756  0.057490788412078164
5764  0.10885237272182767
5768  0.01701382461630515
5776  0.1320036385117239
5800  0.012951725559418783
5825  0.02242790015935785
5826  0.006720071436365359
5828  0.023125398385760304
5832  0.010918589136610547
5838  0.006537894248321014
5844  0.03500687789159768
5872  0.01306988264085448
5877  0.006443983126586453
5895  0.0048421694871193365
5905  0.03910330255270284
5908  0.014462634260711444
5915  0.012158477199615932
5922  0.013690539759701017
5925  0.1747945913995757
5942  0.006480946969767041
5976  0.11656553003476905
5977  0.012951725559418783
5999  0.007602686451582761
6004  0.007231317130355722
6014  0.012951725559418783
6017  0.02192597204496294
6020  0.02505916983651432
6024  0.01880764361215158
6041  0.01870790206472064
6042  0.006319920189363206
6048  0.009973234535997551
6053  0.03892358632982446
6076  0.009103426772760121
6100  0.009973234535997551
6102  0.12526569736708293
6105  0.009103426772760121
6110  0.02280805935474828
6112  0.012951725559418783
6147  0.004729975105165537
6148  0.009548080113135236
6152  0.006034642694299495
6180  0.007050050025896366
6184  0.009635822874390994
6187  0.03244596697173122
6192  0.03115857910493903
6194  0.010918589136610547
6208  0.022998901272607
6214  0.007940098113189317
6224  0.029919703607992655
6249  0.00626921453738386
6262  0.007502627460819151
6271  0.007236317305241351
6285  0.008514083392575277
6290  0.009103426772760121
6291  0.006657331850969763
6292  0.01809654574959168
6315  0.007586699914355245
6330  0.006899747300366852
6338  0.012951725559418783
6347  0.03281970533444062
6356  0.016311915522437416
6363  0.032303854750524656
6367  0.012951725559418783
6368  0.010918589136610547
6369  0.009103426772760121
6394  0.005279342990477007
6395  0.012951725559418783
6399  0.002439767939473488
6409  0.0040311171516028
6505  0.01074913117750042
6506  0.019789949028125718
6507  0.0561032722759637
6510  0.011668959297199228
6522  0.017028166785150553
6535  0.06475862779709392
6538  0.012951725559418783
6568  0.024203337351323188
6571  0.030396192999039832
6579  0.0047964723375884125
6583  0.007231317130355722
6595  0.012951725559418783
6596  0.017845652604408506
6609  0.01357002570977635
6613  0.07001375578319537
6616  0.0040311171516028
6625  0.006480946969767041
6651  0.08462540845539077
6659  0.007602686451582761
6671  0.01256017432737409
6691  0.005826486379985857
6735  0.010918589136610547
6751  0.012951725559418783
6768  0.023465146539637605
6784  0.004563513253233672
6788  0.011668959297199228
6789  0.012951725559418783
6799  0.009635822874390994
6814  0.004603746153518656
6816  0.008204926333610155
6822  0.020772386069959348
6824  0.007940098113189317
6828  0.009923214179536172
6831  0.007940098113189317
6841  0.009635822874390994
6843  0.004392563443558979
6846  0.0057493651992357835
6848  0.007940098113189317
6849  0.006480946969767041
6857  0.0777847713373488
6865  0.009973234535997551
6866  0.002986960788892157
6877  0.015416932257173535
6878  0.040338895585538645
6891  0.011668959297199228
6902  0.012851399732734428
6904  0.0025303768304254385
6912  0.04231270422769538
6919  0.010918589136610547
6922  0.007070290349951887
6923  0.009350545379327283
6938  0.011208284895255641
6954  0.01224987149867778
6955  0.04533438534429288
6959  0.03902659988741201
6962  0.03187291747752321
6974  0.00699474351257632
7017  0.016506739778005864
7073  0.007502627460819151
7092  0.07945461588089946
7103  0.03514050754847183
7111  0.009973234535997551
7121  0.008277306975987372
7130  0.008514083392575277
7142  0.00626921453738386
7163  0.008885452713802313
7165  0.014140580699903774
7177  0.015416932257173535
7189  0.00835305661217144
7195  0.05939926969530449
7200  0.009350545379327283
7248  0.07073078085229595
7257  0.007231317130355722
7260  0.020772386069959348
7297  0.0017255400980913192
7302  0.07924067560044676
7322  0.011668959297199228
7338  0.08818650352033676
7372  0.023305945519943427
7417  0.007940098113189317
7425  0.018701090758654566
7427  0.00835305661217144
7434  0.005866286634909401
7447  0.015641321021081133
7451  0.025903451118837566
7469  0.016812427342883463
7497  0.013193299352083812
7508  0.01727579160534381
7514  0.007142012049639173
7518  0.00321237782465986
7539  0.15254742064950758
7563  0.006703478335355577
7565  0.014376447391973872
7566  0.025702799465468856
7572  0.010811339046034112
7573  0.011668959297199228
7577  0.003193298887380689
7582  0.03341222644868576
7583  0.011668959297199228
7585  0.008204926333610155
7589  0.008312622527443659
7599  0.006319920189363206
7601  0.00835305661217144
7602  0.008514083392575277
7607  0.02554225017772583
7617  0.009973234535997551
7621  0.05180690223767513
7629  0.0417652830608572
7632  0.0437450827083489
7639  0.018174880471065212
7657  0.060021019686553205
7661  0.0138443201427812
7665  0.00783082889065587
7679  0.0531682019259536
7697  0.003606257386362813
7699  0.012951725559418783
7704  0.025903451118837566
7715  0.00897116006374314
7716  0.006785012854888175
7720  0.00835305661217144
7726  0.007118806449799566
7732  0.03012605178794638
7739  0.015641321021081133
7742  0.014462634260711444
7748  0.026575265928823276
7751  0.022507882382457448
7761  0.009973234535997551
7762  0.00835305661217144
7770  0.012084931556707644
7773  0.00525512798610146
7792  0.03574189228105477
7797  0.011668959297199228
7815  0.005313883413822353
7817  0.05873121667991902
7835  0.007070290349951887
7909  0.029277215273681857
7956  0.017362572263197
7962  0.012660177138957016
7965  0.08446948784763211
7985  0.012951725559418783
7991  0.012512120961609585
7999  0.009350545379327283
8007  0.01068712725449745
8059  0.010386193034979674
8067  0.019442840909301127
8080  0.05983940721598531
8084  0.00835305661217144
8105  0.006219861198599597
8106  0.010386193034979674
8128  0.02468547468190022
8130  0.009103426772760121
8140  0.012951725559418783
8143  0.023443366300611477
8144  0.024687159643207682
8174  0.022008986370674485
8177  0.08450840039221734
8179  0.014462634260711444
8182  0.025579582371603606
8192  0.008204926333610155
8201  0.006872709230405366
8219  0.006386597774761378
8228  0.002995469495950407
8235  0.04388450176168702
8260  0.004819179868185845
8277  0.012851399732734428
8290  0.007602686451582761
8306  0.05221128235901616
8326  0.003414835296861236
8355  0.0755147373998588
8356  0.018206853545520242
8370  0.0032316555044446717
8374  0.027213093180456917
8388  0.005866286634909401
8413  0.01833408149075939
8425  0.010918589136610547
8443  0.011668959297199228
8451  0.003666544167522448
8452  0.005639393809171047
8453  0.05535592369154045
8462  0.013075788496642027
8467  0.03275576740983164
8468  0.010386193034979674
8489  0.01670611322434288
8490  0.013440142872730718
8508  0.017011304427737965
8520  0.03402260885547593
8558  0.006219861198599597
8562  0.017720885071143246
8618  0.012189440051577754
8629  0.02199926500513469
8636  0.024534885875372763
8680  0.02255757523668419
8699  0.024276613061998388
8748  0.014145654423865167
8775  0.10184814746949837
8779  0.07574432293981613
8783  0.005787524087732333
8786  0.004286783766554973
8808  0.004170561873707724
8817  0.006657331850969763
8818  0.027310280318280363
8823  0.08862839845546966
8832  0.005284272533710815
8833  0.004774040056567618
8858  0.010386193034979674
8862  0.008885452713802313
8864  0.033463037448291974
8874  0.010660345173208411
8915  0.03740218151730913
8916  0.012951725559418783
8917  0.006367665349593353
8953  0.01866313842366646
8964  0.008067779117107729
8969  0.012951725559418783
8979  0.012951725559418783
8997  0.005115916474320721
9000  0.019556094594329467
9016  0.05597875078739637
9021  0.004819179868185845
9024  0.007407702011558444
9039  0.07914962032487843
9060  0.0037415804129441277
9081  0.03554181085520925
9098  0.00835305661217144
9099  0.023465146539637605
9105  0.010340702004569656
9119  0.02280805935474828
9125  0.007820660510540567
9127  0.008152854516318192
9128  0.005862338508654767
9135  0.005313883413822353
9140  0.016135558234215457
9154  0.018206853545520242
9190  0.022008986370674485
9202  0.049209726207179665
9221  0.009103426772760121
9238  0.007149052897128955
9239  0.004961607089768086
9241  0.006034642694299495
9242  0.0032807469910141186
9264  0.011788463475382658
9276  0.009973234535997551
9300  0.018024105026012514
9301  0.007231317130355722
9312  0.02030604765243869
9348  0.0033935633324848214
9377  0.05180690223767513
9396  0.01398948702515264
9401  0.012951725559418783
9406  0.017770905427604625
9420  0.008885452713802313
9444  0.006657331850969763
9461  0.005866286634909401
9473  0.02121087104985566
9526  0.02528129757879992
9528  0.02624597592811295
9530  0.00537456558875021
9531  0.019789949028125718
9532  0.012158477199615932
9547  0.014389417012765237
9554  0.007613043662933888
9573  0.007407702011558444
9600  0.010918589136610547
9603  0.04641428363493975
9604  0.009350545379327283
9617  0.012951725559418783
9620  0.012951725559418783
9629  0.030010509843276603
9631  0.02554225017772583
9634  0.011982192404431737
9642  0.08331049618260719
9655  0.008067779117107729
9662  0.023964384808863474
9670  0.007317408956519049
9675  0.015594542122642462
9676  0.011668959297199228
9678  0.03402260885547593
9680  0.00537456558875021
9729  0.010918589136610547
9733  0.012951725559418783
9735  0.02121087104985566
9737  0.019271645748781988
9738  0.012951725559418783
9741  0.01074913117750042
9792  0.042056245060695864
9798  0.0027558282350105237
9800  0.004016252489155089
9812  0.01571795130051021
9819  0.02055694887298224
9846  0.014815404023116888
9855  0.009932518109697173
9866  0.024308879385509703
9869  0.036349760942130424
9872  0.017375156504305798
9879  0.00525512798610146
9896  0.007070290349951887
9927  0.025416468687453758
9929  0.0028401369985779487
9930  0.005115916474320721
9959  0.011423954500713533
9973  0.038409256509781324
9980  0.012343579821603841
10022  0.025903451118837566
10024  0.025903451118837566
10043  0.012639840378726412
10047  0.05266274180062105
10050  0.020790418913004562
10053  0.004986448275164306
10056  0.012744108711812105
10061  0.006034642694299495
10062  0.014634817913038098
10063  0.016311915522437416
10065  0.019789949028125718
10070  0.006596649676041906
10073  0.008204926333610155
10082  0.007502627460819151
10086  0.03674961449603334
10094  0.005437305174145805
10106  0.0578215371104645
10109  0.006596649676041906
10119  0.006480946969767041
10124  0.012961893939534083
10126  0.07777319384947076
10134  0.005675329705778533
10139  0.0276886402855624
10149  0.01357002570977635
10164  0.010386193034979674
10170  0.02740926516397632
10175  0.006480946969767041
10178  0.006657331850969763
10182  0.009373870027114248
10184  0.011668959297199228
10189  0.007940098113189317
10193  0.01786639574806492
10198  0.010386193034979674
10212  0.014284024099278345
10223  0.004001506271491261
10235  0.023150096350929333
10238  0.007231317130355722
10254  0.02079272283018995
10256  0.0329072351396263
10258  0.005063037433336295
10301  0.06665782223161733
10305  0.010918589136610547
10307  0.004937094936380043
10310  0.008067779117107729
10319  0.005313883413822353
10335  0.0352863720209756
10337  0.12463431641975611
10345  0.008885452713802313
10369  0.011668959297199228
10372  0.0069221600713906
10378  0.014060805040671372
10421  0.008204926333610155
10434  0.007940098113189317
10462  0.003480158802827368
10464  0.008885452713802313
10468  0.02362784676152433
10470  0.016311915522437416
10473  0.009972896550328613
10476  0.006537894248321014
10477  0.04338917933097818
10481  0.03986289889323491
10482  0.011668959297199228
10495  0.01429810579425791
10507  0.00394366904796937
10508  0.018836420833833245
10517  0.005826486379985857
10528  0.014322120169702855
10532  0.00394366904796937
10583  0.006319920189363206
10585  0.04106400644436581
10604  0.00525512798610146
10605  0.0036421932829702993
10606  0.006596649676041906
10607  0.020772386069959348
10612  0.008067779117107729
10637  0.022146054940686062
10638  0.012158477199615932
10642  0.0036421932829702993
10649  0.00525512798610146
10665  0.0055695500287745265
10667  0.00685231629099408
10674  0.004865448291228058
10699  0.00685231629099408
10710  0.003718115272032442
10712  0.025446440468432488
10718  0.008183598653061312
10734  0.01670611322434288
10743  0.006596649676041906
10744  0.015880196226378634
10745  0.012744108711812105
10751  0.04401797274134897
10755  0.005711977250356767
10756  0.006787126664969643
10758  0.013811238460555967
10766  0.010938982076021835
10769  0.008067779117107729
10770  0.011186583552029733
10784  0.011668959297199228
10785  0.012951725559418783
10793  0.012951725559418783
10798  0.019946469071995102
10799  0.0056959907131292516
10812  0.014140580699903774
10814  0.005675329705778533
10850  0.0057493651992357835
10859  0.009103426772760121
10869  0.007502627460819151
10874  0.13844356794037702
10894  0.005437305174145805
10895  0.009350545379327283
10896  0.016408473114032752
10944  0.011668959297199228
10977  0.021622678092068224
10988  0.007407702011558444
11025  0.00446659893701623
11029  0.007407702011558444
11066  0.00955149802439003
11072  0.012016070017341675
11091  0.019861808619409532
11092  0.0036181586526206756
11106  0.054592945683052736
11120  0.019946469071995102
11125  0.09066207891593148
11134  0.016606777107462133
11136  0.01206928538859899
11141  0.014305233428818169
11148  0.011668959297199228
11160  0.008067779117107729
11180  0.009103426772760121
11194  0.03947575666419734
11240  0.00464487319104781
11244  0.005170351002284828
11250  0.00893319787403246
11252  0.02951067713983861
11293  0.022278200115098106
11331  0.01640985266722031
11375  0.014145654423865167
11380  0.05193096517489837
11388  0.0047964723375884125
11389  0.0035944321670538684
11398  0.011558329524171575
11401  0.0388964421021404
11405  0.007720334683856213
11407  0.011704341842182954
11424  0.009635822874390994
11442  0.016135558234215457
11456  0.016184408707998928
11459  0.015267864281059496
11462  0.004001506271491261
11465  0.028020712238139102
11468  0.011668959297199228
11470  0.0037933499571776224
11472  0.007231317130355722
11473  0.005502246592668621
11483  0.018833319759985263
11484  0.005037153927143653
11499  0.0061717899108019204
11500  0.006596649676041906
11503  0.01635411980871631
11511  0.0061717899108019204
11512  0.005743545299413396
11516  0.006480946969767041
11517  0.009103426772760121
11540  0.027310280318280363
11558  0.006785012854888175
11561  0.012951725559418783
11572  0.01370463258198816
11574  0.012951725559418783
11577  0.0061717899108019204
11618  0.012951725559418783
11624  0.009973234535997551
11627  0.007407702011558444
11644  0.005991096202215869
11660  0.0045835203726898475
11674  0.004937094936380043
11680  0.025903451118837566
11684  0.022895767732202827
11697  0.009635822874390994
11711  0.018210966414851495
11719  0.010386193034979674
11727  0.011704341842182954
11751  0.005826486379985857
11755  0.007502627460819151
11757  0.005866286634909401
11769  0.057119772503567666
11779  0.019946469071995102
11785  0.00626921453738386
11788  0.0767435574014146
11886  0.00307386128473194
11941  0.07895151332839467
11950  0.006480946969767041
11952  0.025702799465468856
11968  0.007502627460819151
11969  0.00448558003187157
11974  0.007940098113189317
11982  0.008067779117107729
11983  0.009635822874390994
11985  0.027310280318280363
11990  0.043387902782134335
11993  0.011498730398471567
11995  0.04641428363493975
11997  0.017770905427604625
12007  0.013631160353298909
12019  0.0056041424476278206
12027  0.005502246592668621
12044  0.006720071436365359
12063  0.008183598653061312
12068  0.02118039057287813
12070  0.005535592369154045
12073  0.010386193034979674
12086  0.009635822874390994
12087  0.005469491038010917
12088  0.009972896550328613
12101  0.009973234535997551
12108  0.007149052897128955
12118  0.008067779117107729
12124  0.025903451118837566
12137  0.010918589136610547
12151  0.011668959297199228
12167  0.005991096202215869
12178  0.0057493651992357835
12188  0.011668959297199228
12197  0.024186702909616796
12198  0.007602686451582761
12213  0.017797016124498913
12220  0.03262231131399358
12225  0.01306988264085448
12237  0.007602686451582761
12239  0.039892938143990204
12243  0.007407364025889505
12274  0.007747650535145698
12303  0.012951725559418783
12304  0.01003978625871538
12333  0.013574253329939286
12340  0.004865448291228058
12350  0.012951725559418783
12363  0.030410745806331043
12365  0.014815404023116888
12370  0.016135558234215457
12374  0.030410745806331043
12403  0.06416928521765787
12404  0.007708466128586768
12405  0.017380936547555993
12407  0.05558068679232521
12413  0.015005254921638301
12443  0.030858949554009602
12455  0.010386193034979674
12472  0.006537894248321014
12473  0.010178576187372996
12490  0.013631160353298909
12535  0.08269495817407768
12544  0.09979511246124981
12554  0.010918589136610547
12555  0.005639393809171047
12633  0.009103426772760121
12640  0.011668959297199228
12644  0.01918588935035365
12648  0.015205372903165522
12671  0.025973310968717155
12672  0.0039723617238819064
12682  0.028850059090902505
12740  0.007820660510540567
12741  0.012321857845485805
12770  0.0034472088429459828
12773  0.025720702599329834
12799  0.007602686451582761
12800  0.02098423053772896
12808  0.016944312458302507
12819  0.006785012854888175
12828  0.01206928538859899
12838  0.08143445587316256
12856  0.004138653487993686
12859  0.09695039078425768
12867  0.008514083392575277
12868  0.018210966414851495
12870  0.014462634260711444
12883  0.04188589032281194
12886  0.007820660510540567
12896  0.005011627446229465
12899  0.007027412150737717
12907  0.05220238204241052
12909  0.3174181599223199
12912  0.0040311171516028
12921  0.038855176678256345
12939  0.003873825267572849
12940  0.06914201896653227
12945  0.008713255093902987
12947  0.005866286634909401
12948  0.013940946744859555
12949  0.007820660510540567
12973  0.005089288093686498
12974  0.015416932257173535
12977  0.007070290349951887
12980  0.009973234535997551
12997  0.00897116006374314
12998  0.007820660510540567
13013  0.023068044030170282
13015  0.041544772139918695
13027  0.011668959297199228
13039  0.03357530636311889
13045  0.004599831533577902
13049  0.0264647790157317
13058  0.00254369084846268
13060  0.0417652830608572
13081  0.017426510187805975
13085  0.015020087521677094
13086  0.029269635826076196
13089  0.003480158802827368
13111  0.004961607089768086
13118  0.013075788496642027
13119  0.012951725559418783
13120  0.011668959297199228
13129  0.004447810546958807
13132  0.004236078114575627
13142  0.015111461781430958
13147  0.005787524087732333
13151  0.022847909001427066
13190  0.012343579821603841
13199  0.018206853545520242
13206  0.029297415468707597
13215  0.00835305661217144
13222  0.021447158691386862
13233  0.015880196226378634
13235  0.09823666904341172
13241  0.01051025597220292
13247  0.010918589136610547
13252  0.006425699866367214
13256  0.009973234535997551
13259  0.0069221600713906
13294  0.0033517391676777886
13304  0.005405669523017056
13309  0.006034642694299495
13314  0.009691866731875928
13354  0.010918589136610547
13355  0.012951725559418783
13358  0.013193299352083812
13400  0.010386193034979674
13404  0.00685231629099408
13446  0.033213554214924265
13484  0.008204926333610155
13485  0.010386193034979674
13495  0.015416932257173535
13516  0.01621700856905117
13519  0.010918589136610547
13520  0.03767920526059025
13522  0.015679305930566774
13526  0.012951725559418783
13531  0.008067779117107729
13555  0.009103426772760121
13620  0.014124989819988946
13630  0.046601322956788344
13655  0.046242489009500315
13661  0.04929478444893806
13712  0.043904453739114294
13713  0.009103426772760121
13771  0.006372054355906052
13780  0.015205372903165522
13798  0.06936293142242293
13800  0.13102306963932656
13801  0.011668959297199228
13804  0.004356627546951494
13805  0.008067779117107729
13806  0.007613043662933888
13807  0.00612493574933889
13818  0.0534397579270729
13849  0.006596649676041906
13850  0.017285504741633068
13859  0.00699474351257632
13871  0.007708466128586768
13890  0.027186525870729023
13895  0.006372054355906052
13913  0.013283919565196407
13934  0.010178576187372996
13935  0.017973288606647608
13950  0.008895621093917614
13954  0.025903451118837566
13959  0.005170351002284828
13969  0.019271645748781988
13975  0.06527517606890978
13976  0.029084899540002047
13986  0.02805163613798185
13987  0.07771035335651269
13995  0.00426972705111171
13999  0.007820660510540567
14011  0.009142080038683316
14016  0.008895621093917614
14021  0.008406060168266036
14034  0.08125714475222857
14041  0.00871187554071543
14042  0.006785012854888175
14045  0.018206853545520242
14049  0.019846428359072344
14053  0.005826486379985857
14065  0.007912750373308781
14075  0.01724809559770735
14080  0.08564604371832611
14104  0.014284024099278345
14121  0.011423954500713533
14122  0.01370463258198816
14136  0.025097716635812745
14158  0.007231317130355722
14160  0.01028586720829532
14162  0.012951725559418783
14181  0.009350545379327283
14182  0.0040311171516028
14190  0.03125906776098948
14199  0.010926579848910897
14210  0.049866172679987754
14218  0.009973234535997551
14220  0.006219861198599597
14227  0.022507882382457448
14249  0.012951725559418783
14252  0.016031927378121872
14253  0.004321376185408267
14254  0.0037672841667666488
14256  0.012158477199615932
14275  0.03670509690358437
14285  0.13336527687687283
14289  0.005639393809171047
14292  0.006785012854888175
14296  0.00537456558875021
14299  0.012951725559418783
14300  0.008514083392575277
14303  0.004429210988137213
14326  0.04024555639465049
14341  0.012951725559418783
14374  0.1049211526886448
14375  0.04922955800166093
14376  0.011995785544578497
14392  0.007004911892691622
14409  0.05953956549708288
14419  0.007940098113189317
14428  0.003957959779407634
14462  0.006785012854888175
