264
t_index	 tf-idf
10  0.02730055102617593
126  0.04186710897989208
325  0.032414941564647144
337  0.04323710611735186
397  0.051713680155978534
699  0.05282032342454362
904  0.08717579810708802
907  0.04575782198772518
969  0.027952386358785275
977  0.02935619437714552
1004  0.03883427307815579
1014  0.07750433853618244
1015  0.07450747390930043
1016  0.09675901541427977
1066  0.04323710611735186
1112  0.04606131610103646
1170  0.07759258079989627
1181  0.09675901541427977
1222  0.04444009583912495
1246  0.03763128335638271
1261  0.029146710671258798
1272  0.17435159621417604
1299  0.02297805768714055
1333  0.03225878125716686
1422  0.01972030782498136
1483  0.023998849730622496
1575  0.028838318849931096
1681  0.03525334665598559
1683  0.031522653909020384
1689  0.05931843384113952
1808  0.0480047534643146
1879  0.06638093527795796
1900  0.05216481978914862
1908  0.09675901541427977
1909  0.09675901541427977
1955  0.19351803082855953
1961  0.031157196681860694
1985  0.02703033408437541
2105  0.17507443897801855
2155  0.03189803425481361
2223  0.02436174878216478
2244  0.04029477839673221
2296  0.07450747390930043
2320  0.047603981632808046
2366  0.07450747390930043
2400  0.0468356917597761
2402  0.041105871216212134
2425  0.03883427307815579
2505  0.06129689746317029
2632  0.07759258079989627
2645  0.026678068911731176
2654  0.07198675803892711
2656  0.04062071055657287
2777  0.028437547018424544
2790  0.047214500663574466
2895  0.023785596246911508
2899  0.03821969811867913
2911  0.06800936349270452
2956  0.05225593240432109
3140  0.036738338103187045
3178  0.019667838463772295
3250  0.0698555231377874
3257  0.032414941564647144
3438  0.051713680155978534
3478  0.06360653045350845
3481  0.013581671507272798
3570  0.04610785739500939
3576  0.030454045492737128
3626  0.06360653045350845
3647  0.08156997534611887
3681  0.08156997534611887
3725  0.05931843384113952
3751  0.012111510958015027
3784  0.022831724257455395
3808  0.025511357510655176
3849  0.0468356917597761
3902  0.03379866144277184
3957  0.031037493249381112
3963  0.021755500495298057
4073  0.03821969811867913
4383  0.06240354073173536
4473  0.07133125440353212
4556  0.05466648306962649
4594  0.062074986498762225
4601  0.03189803425481361
4634  0.048417490385347546
4789  0.017402589653076617
4846  0.07564930476757978
4889  0.044126868768846896
4913  0.07198675803892711
4943  0.025039982533766263
4990  0.02511743741469062
4997  0.09675901541427977
5036  0.032025460595413564
5141  0.03011544097497125
5229  0.03782465238378989
5315  0.015189040068160903
5327  0.07242860497630163
5349  0.019459929882932544
5371  0.021335600019656734
5375  0.020985564612372522
5430  0.031399758343517464
5463  0.02244224328822181
5690  0.025999372647456408
5768  0.03177647856172608
5877  0.14442402901781018
5906  0.06027230583059564
5922  0.03409283552119385
5925  0.04352818339654828
5935  0.09675901541427977
6005  0.06638093527795796
6104  0.09675901541427977
6147  0.03533642926652701
6289  0.09675901541427977
6295  0.03127794557239853
6330  0.017182080033223288
6356  0.04062071055657287
6363  0.02193943660182863
6380  0.0540233131463167
6381  0.05020392786376462
6382  0.08717579810708802
6529  0.0468356917597761
6596  0.04444009583912495
6608  0.05068908852340388
6651  0.028737031509850137
6696  0.036453759397504504
6699  0.08717579810708802
6746  0.05068908852340388
6814  0.03439340518667791
6920  0.08717579810708802
6944  0.0772527289946321
6971  0.07759258079989627
7007  0.04135498894852911
7016  0.09675901541427977
7022  0.06638093527795796
7089  0.055341039294916926
7262  0.04610785739500939
7282  0.08156997534611887
7291  0.197127502357419
7292  0.14397351607785422
7297  0.025782133845131953
7341  0.028241435076598133
7438  0.14005955118241484
7501  0.03652464008781763
7519  0.040151999226756024
7539  0.03080115142441236
7565  0.01790045772177668
7703  0.03566562720176606
7850  0.04186710897989208
8116  0.048417490385347546
8143  0.019459929882932544
8308  0.05225593240432109
8349  0.02956890103545312
8352  0.04646698564055943
8355  0.03761008063652496
8651  0.0698555231377874
8775  0.016540898984272804
8857  0.03992347071653879
8879  0.04062071055657287
8885  0.021276641891568943
9003  0.040384368731604114
9039  0.01375131363665682
9099  0.043825520879648285
9202  0.008549609919433022
9289  0.03550004845524299
9327  0.06800936349270452
9423  0.09675901541427977
9460  0.06360653045350845
9526  0.020985564612372522
9582  0.05225593240432109
9642  0.0226324116843735
9675  0.03883427307815579
9798  0.020588084996641703
9855  0.02473443064837789
9866  0.022700674365508575
9871  0.08156997534611887
9912  0.025672122811429377
10043  0.047214500663574466
10047  0.009595849249673818
10148  0.03268082783763078
10235  0.04323710611735186
10250  0.055341039294916926
10256  0.02458415025479676
10301  0.02263561231562898
10448  0.06492425660210868
10508  0.028144412502398974
10590  0.06068050681869409
10642  0.05441978127036909
10723  0.05020392786376462
10730  0.03127794557239853
10732  0.05466648306962649
10755  0.04267271509712933
10814  0.042398930703345446
10970  0.08156997534611887
10977  0.040384368731604114
11141  0.03374865003188614
11144  0.020644172944091238
11161  0.04646698564055943
11190  0.055341039294916926
11389  0.02685307960410148
11398  0.03453972459381946
11401  0.02421544413558009
11405  0.028838318849931096
11470  0.02833914332838738
11499  0.04610785739500939
11584  0.06027230583059564
11631  0.023998849730622496
11786  0.03617460468053342
11886  0.022964028234403286
12033  0.03409283552119385
12115  0.04931817253052956
12125  0.048417490385347546
12148  0.053408738186840034
12220  0.009026404067419188
12373  0.025273661224741447
12381  0.06360653045350845
12474  0.04610785739500939
12492  0.02956890103545312
12580  0.09675901541427977
12711  0.0468356917597761
12717  0.03862636449731605
12817  0.06240354073173536
12827  0.09320174234908894
12883  0.024070671502968363
12899  0.026249995705060387
12945  0.032547245541595035
12948  0.017358205473434134
12987  0.02225154150497934
13060  0.06240354073173536
13118  0.048842928878321014
13124  0.09675901541427977
13125  0.24961416292694144
13142  0.07526256671276542
13144  0.04412939377297862
13147  0.04323710611735186
13190  0.04610785739500939
13208  0.03583321301225214
13210  0.06492425660210868
13211  0.06638093527795796
13212  0.19351803082855953
13266  0.08156997534611887
13314  0.02715204273941583
13500  0.07450747390930043
13520  0.014815350831180844
13655  0.04935225135322426
13661  0.052609810687897704
13668  0.021159474579445888
13785  0.041105871216212134
13839  0.07759258079989627
13867  0.07198675803892711
13949  0.09675901541427977
14005  0.03670303817701607
14041  0.021694728265206777
14049  0.03706689233616019
14111  0.09311247974814335
14136  0.023437324429155144
14168  0.02956890103545312
14184  0.055341039294916926
14190  0.025020907215183855
14376  0.022404358266574335
14383  0.2098556461237252
14384  0.029676494263937515
14412  0.03517472379642227
14446  0.07759258079989627
