469
t_index	 tf-idf
9  0.024844962966610082
11  0.02926054458579623
193  0.03529373861522885
248  0.0566005180685081
299  0.03238547097877175
300  0.046352902872205434
321  0.024630585254331264
325  0.02362220714196221
337  0.031508798955757276
345  0.07051259063385919
397  0.03768605481769602
472  0.05944366274262464
482  0.023338375066721876
492  0.06352887468714234
699  0.038492514902474115
821  0.06352887468714234
843  0.04956144279370866
906  0.046352902872205434
920  0.024844962966610082
941  0.05944366274262464
947  0.05090682129659148
977  0.021393162258017056
995  0.022361141870538954
1000  0.05057581561066357
1014  0.07530780357986618
1026  0.03238547097877175
1087  0.028454084501018138
1088  0.031508798955757276
1138  0.07507003599078035
1167  0.027147532143921724
1199  0.028930174911127784
1230  0.046352902872205434
1275  0.05944366274262464
1282  0.02244616661447106
1297  0.07051259063385919
1333  0.035262609288572624
1353  0.018080285480428317
1377  0.04956144279370866
1394  0.031937602918665355
1421  0.05753793102824479
1457  0.05429690437046445
1461  0.0565451587404255
1467  0.029602115342622564
1483  0.017489027347927587
1513  0.11637602285492907
1516  0.027564503607098376
1539  0.0565451587404255
1544  0.03594034205046334
1575  0.021015763367656135
1586  0.017646869307614426
1593  0.05457485008368507
1636  0.039837893405356935
1646  0.04506382996388756
1681  0.10276271582896589
1685  0.05722058990711627
1717  0.029364594106354776
1723  0.04139101890467326
1734  0.05090682129659148
1750  0.019007410149496157
1762  0.05429690437046445
1796  0.04139101890467326
1797  0.03360084287317832
1808  0.03498319526108982
1821  0.1085938087409289
1891  0.03469113503319675
1900  0.05702223044848848
2000  0.013317182261195586
2099  0.030322091013438718
2102  0.04466977076441286
2105  0.10206761359241945
2155  0.09298205533838241
2167  0.03309696926384309
2181  0.07051259063385919
2188  0.04956144279370866
2201  0.03261709893533859
2217  0.06759574494583134
2223  0.035506975999017594
2244  0.07341148526588694
2248  0.08933203087947438
2307  0.04392310534987463
2395  0.021785249567405553
2400  0.03413124809063856
2402  0.0599113469128819
2498  0.07056794996194178
2527  0.02517533264127853
2536  0.027707419086479907
2590  0.044497148877268584
2610  0.03130105195932377
2616  0.012521344604774444
2645  0.019441493322566047
2672  0.04547623084919095
2695  0.05424085644128495
2713  0.04257772684699181
2771  0.0524599467959078
2787  0.03070233887097918
2825  0.04139101890467326
2831  0.05090682129659148
2862  0.04956144279370866
2895  0.03466724013178018
2974  0.03261624304115383
2986  0.08619268417641619
2995  0.03309696926384309
2997  0.060644182026877436
3042  0.014069157490013917
3057  0.029603067241377422
3067  0.03238547097877175
3074  0.037305806960155556
3082  0.03469113503319675
3092  0.02352670526708375
3140  0.06693214539613919
3150  0.03892131886538219
3178  0.01433282714082037
3190  0.02611325331712625
3205  0.04576479610915503
3213  0.02687883962429231
3268  0.038492514902474115
3269  0.02086867502743081
3272  0.06352887468714234
3305  0.02830025903425405
3334  0.04956144279370866
3355  0.031937602918665355
3368  0.015721916655270625
3471  0.04084627151772599
3481  0.019795134107463044
3524  0.04466977076441286
3545  0.032854177458640096
3561  0.02124050218045829
3570  0.03360084287317832
3591  0.07051259063385919
3680  0.05944366274262464
3726  0.05090682129659148
3771  0.05738861211122822
3772  0.03051042121380059
3784  0.016638491195245367
3833  0.0524599467959078
3897  0.02540175503205491
3915  0.01819161669456169
3942  0.03591389085784462
3963  0.04756259746623914
3977  0.02401353292515229
4000  0.0565451587404255
4073  0.08355717292244294
4157  0.03768605481769602
4198  0.028148746820252583
4209  0.04032947247703077
4240  0.035594010900274975
4313  0.022971957509724108
4330  0.04547623084919095
4338  0.038492514902474115
4340  0.03892131886538219
4383  0.04547623084919095
4410  0.037305806960155556
4416  0.046352902872205434
4457  0.021705601940272615
4513  0.03591389085784462
4533  0.027999479314372976
4581  0.030137216608810708
4585  0.04547623084919095
4591  0.03591389085784462
4594  0.09047359758362289
4608  0.05090682129659148
4627  0.035594010900274975
4667  0.04547623084919095
4719  0.02540175503205491
4742  0.07051259063385919
4782  0.046352902872205434
4809  0.021470368554301296
4870  0.01780722344615291
4879  0.04489233322894212
4889  0.08039302126343591
4920  0.08393382241561331
5029  0.04392310534987463
5032  0.04506382996388756
5058  0.02830025903425405
5178  0.018080285480428317
5198  0.06881460591591283
5229  0.027564503607098376
5234  0.03528397498097089
5240  0.03130105195932377
5265  0.0647709419575435
5269  0.05429690437046445
5290  0.016354659120005034
5315  0.06641356734740725
5327  0.017593980092394018
5371  0.031096398070453876
5463  0.11448261384003523
5549  0.027284614154629266
5571  0.04257772684699181
5595  0.05080351006410982
5610  0.0565451587404255
5658  0.11507586205648958
5742  0.034059633956870894
5872  0.02371862292426234
5877  0.10524820237394156
5895  0.052724081167194174
5908  0.07873837385097719
5915  0.03309696926384309
5922  0.024844962966610082
5950  0.041966911207806656
5982  0.023338375066721876
6049  0.0968601883589454
6124  0.016930551423138433
6150  0.05090682129659148
6175  0.036585831289339406
6187  0.012617453813952694
6208  0.02086867502743081
6237  0.020941950785779994
6265  0.035594010900274975
6320  0.04203152673531227
6322  0.039369186925488596
6330  0.012521344604774444
6339  0.05090682129659148
6356  0.029602115342622564
6388  0.027852390974147653
6409  0.043892917928821884
6503  0.02674713353493773
6529  0.03413124809063856
6607  0.029777343626491454
6671  0.022793627679774612
6696  0.026565473020326778
6761  0.06352887468714234
6796  0.04139101890467326
6811  0.021946458964410942
6814  0.02506400142714516
6820  0.03768605481769602
6843  0.02391426736985527
6866  0.01626179788787876
6879  0.02227682863907939
6904  0.06888017537687771
6922  0.038492514902474115
6944  0.028148746820252583
6945  0.0565451587404255
6950  0.05944366274262464
6952  0.03498319526108982
6954  0.03334575653031393
6955  0.05484717402247914
7003  0.04956144279370866
7015  0.0524599467959078
7075  0.04731318842374761
7079  0.04084627151772599
7089  0.04032947247703077
7195  0.011549471504671184
7244  0.05090682129659148
7258  0.039369186925488596
7297  0.046971464150018065
7341  0.0617423629811446
7438  0.10206761359241945
7469  0.03051042121380059
7496  0.04576479610915503
7565  0.013044858322401503
7582  0.04547623084919095
7589  0.015085365695929045
7650  0.07317166257867881
7671  0.03215904858799537
7679  0.011578465401984225
7697  0.01963341097974464
7715  0.02442067407093567
7762  0.04547623084919095
7768  0.05090682129659148
7835  0.038492514902474115
7850  0.06102084242760118
7909  0.013282736510163389
7965  0.014371063893973699
8007  0.011636704710752926
8042  0.029429882561187903
8060  0.10080252861953497
8116  0.03528397498097089
8143  0.0141813149268189
8181  0.027147532143921724
8191  0.024953886971948513
8219  0.03477031321956719
8308  0.03808121810706973
8326  0.037182517845202843
8327  0.05944366274262464
8333  0.07051259063385919
8349  0.021548171044104048
8352  0.0677251111420183
8355  0.04111220347181732
8400  0.018708415735256913
8452  0.03070233887097918
8496  0.07698502980494823
8508  0.023153500662093866
8526  0.04322797647922991
8554  0.03469113503319675
8595  0.028610294953558137
8636  0.014841594796185333
8651  0.05090682129659148
8698  0.05920423068524513
8699  0.022028041372608546
8743  0.07051259063385919
8748  0.03850632624440835
8786  0.023338375066721876
8790  0.09433149993162375
8857  0.029094005713732267
8860  0.020510083002759118
8885  0.015505233629547751
8956  0.03360084287317832
8995  0.028148746820252583
9039  0.01002119280552629
9059  0.07051259063385919
9127  0.011096569533711475
9128  0.023937081212931775
9183  0.04837473485139009
9185  0.05944366274262464
9202  0.024921921404305346
9264  0.04278632451603411
9273  0.04541126520397493
9289  0.025870461511923255
9300  0.03270931824001007
9312  0.02211028976701543
9348  0.05542634630940607
9460  0.09270580574441087
9461  0.15968801459332677
9463  0.07051259063385919
9531  0.03591389085784462
9573  0.04032947247703077
9579  0.0524599467959078
9622  0.05090682129659148
9634  0.03261709893533859
9641  0.04373106368735
9642  0.032986486547519796
9680  0.02926054458579623
9792  0.0490639773600151
9912  0.07483366294102765
9930  0.027852390974147653
9973  0.01230059209167347
10047  0.01398584280812385
10051  0.02227682863907939
10066  0.037305806960155556
10077  0.02253191498194378
10148  0.02381597027443917
10185  0.021470368554301296
10188  0.05429690437046445
10192  0.04547623084919095
10193  0.024317336012606928
10256  0.01791556182724384
10307  0.02687883962429231
10372  0.03768605481769602
10378  0.025516903398104862
10403  0.04032947247703077
10412  0.03261709893533859
10415  0.03591389085784462
10507  0.021470368554301296
10508  0.020510083002759118
10583  0.034407302957956416
10590  0.02211028976701543
10642  0.019829055425337576
10695  0.03215904858799537
10755  0.031097502160352883
10756  0.09237724384901012
10758  0.02506400142714516
10766  0.029777343626491454
10869  0.04084627151772599
10891  0.06344183978588495
10948  0.027564503607098376
11028  0.028610294953558137
11072  0.016354659120005034
11126  0.0565451587404255
11141  0.08198046572903868
11144  0.06017730170356683
11190  0.04032947247703077
11229  0.036585831289339406
11240  0.025287907805331786
11252  0.012358758903728102
11343  0.024525083009040435
11350  0.04837473485139009
11356  0.020510083002759118
11364  0.07051259063385919
11389  0.01956903138457318
11398  0.01258531543785634
11405  0.021015763367656135
11472  0.039369186925488596
11473  0.02995567345644095
11506  0.0169800619520717
11516  0.03528397498097089
11533  0.0149627430176941
11572  0.037305806960155556
11585  0.03528397498097089
11631  0.15740124613134826
11738  0.04084627151772599
11751  0.06344183978588495
11761  0.011754203096190876
11812  0.09462637684749522
11858  0.037305806960155556
11886  0.05020472093263649
11929  0.04466977076441286
11969  0.04884134814187134
12014  0.039369186925488596
12045  0.05429690437046445
12081  0.07051259063385919
12113  0.02687883962429231
12115  0.03594034205046334
12157  0.05090682129659148
12168  0.039837893405356935
12174  0.028148746820252583
12220  0.026311765665519543
12243  0.040327632394409764
12328  0.04139101890467326
12331  0.02830025903425405
12381  0.046352902872205434
12389  0.02575122494441193
12490  0.024737203946225635
12492  0.021548171044104048
12515  0.05090682129659148
12535  0.028138314980027834
12564  0.024953886971948513
12570  0.020580787660381534
12587  0.04257772684699181
12671  0.011783793050978248
12672  0.021626579006841295
12717  0.028148746820252583
12720  0.04547623084919095
12770  0.01876750899769509
12817  0.04547623084919095
12825  0.039369186925488596
12826  0.04782853473971054
12862  0.014603582806226072
12941  0.01963341097974464
12987  0.03243137252678945
12997  0.02442067407093567
13001  0.039369186925488596
13013  0.008372565431331507
13045  0.012521344604774444
13062  0.02661712692646148
13165  0.037305806960155556
13204  0.04322797647922991
13206  0.012269447175487334
13314  0.01319126606349575
13368  0.03413124809063856
13431  0.05429690437046445
13446  0.030137216608810708
13520  0.03238981185732138
13650  0.024953886971948513
13655  0.07792454973693241
13661  0.038339104924512146
13668  0.015419848606973586
13675  0.03360084287317832
13691  0.03528397498097089
13775  0.0524599467959078
13785  0.0599113469128819
13935  0.03261709893533859
13973  0.04837473485139009
13976  0.017593980092394018
13995  0.023245513834595603
14011  0.01659062710350235
14021  0.022882398054577514
14034  0.013011329598070888
14050  0.04837473485139009
14065  0.010769772052791953
14066  0.028454084501018138
14094  0.09270580574441087
14104  0.019441493322566047
14111  0.09047359758362289
14151  0.018946897220666552
14158  0.039369186925488596
14171  0.1085938087409289
14179  0.04139101890467326
14190  0.006077948672097441
14203  0.03261709893533859
14253  0.02352670526708375
14275  0.037468532575034005
14285  0.045379721460895764
14287  0.03892131886538219
14296  0.02926054458579623
14303  0.02411378621363604
14383  0.12234490153890037
14384  0.04325315801368259
14392  0.019068288717576168
14441  0.05944366274262464
