291
t_index	 tf-idf
10  0.023139696105890197
193  0.020524787863410845
890  0.029023461756232185
920  0.028896774009877106
1005  0.052015763847518375
1011  0.0631497098500861
1029  0.026408553513752837
1093  0.05108625240508981
1116  0.21776410451763734
1117  0.14562298618928673
1122  0.07097235346627294
1138  0.043656371471639664
1150  0.036405746547321684
1190  0.11068226442080004
1333  0.027342246474128636
1416  0.044498510144621285
1468  0.028771441238652617
1475  0.03256574087991325
1483  0.020341204436682594
1516  0.032059827680131346
1522  0.1485643933788894
1544  0.020900814854618123
1575  0.024443093978299184
1646  0.026206505363603347
1681  0.01494020629021296
1684  0.03256574087991325
1742  0.034229419727885596
1750  0.02210721087977442
1779  0.06550506064513022
1859  0.03256574087991325
1868  0.1687916117243151
2000  0.015488998988136526
2297  0.059208899306703866
2384  0.04477002061558669
2590  0.01293847828348895
2598  0.039384989909118324
2616  0.014563373100222807
2721  0.045789663646002024
2740  0.02479292599873079
2754  0.1776266979201116
2787  0.035709393051689575
2823  0.023773282968315455
2865  0.073889405164472
3012  0.04142258632934282
3042  0.11454526437864974
3083  0.036405746547321684
3140  0.01556953884059154
3178  0.033340558194233455
3190  0.030371901973924705
3195  0.057542882477305234
3199  0.03080866690345093
3246  0.0495214644596298
3259  0.0495214644596298
3264  0.04177086475553428
3265  0.039384989909118324
3269  0.02427201791218907
3275  0.03256574087991325
3280  0.03403246547149328
3286  0.03714610865784625
3351  0.0938131124343009
3470  0.03080866690345093
3576  0.025812569029146127
3696  0.02298651088661984
3714  0.027699969276320485
3751  0.010265605360233023
3866  0.05502920311876451
3882  0.09425267168704177
3897  0.0295443698427739
3948  0.0502777592747214
3989  0.028403290467571923
4041  0.04633480856104669
4077  0.03878390931553639
4127  0.031417557229013925
4452  0.04068838778152731
4512  0.04383203995330363
4514  0.057644111361243866
4556  0.04633480856104669
4565  0.041398817558015735
4601  0.02703648063088389
4635  0.0659762307802862
4793  0.05990166527486779
4805  0.06221831557646781
4824  0.03689408814026668
4888  0.05195468685491769
4951  0.24603615619825814
5112  0.03126234300750426
5141  0.02552557095230616
5144  0.1640241041321721
5155  0.05391231054761609
5234  0.04103821980195891
5238  0.036405746547321684
5315  0.025748181491314352
5367  0.06926709213015042
5462  0.08201205206608606
5531  0.0295443698427739
5609  0.1485643933788894
5665  0.01585586902524223
5719  0.02562011010810058
5838  0.041398817558015735
5925  0.07378817628053336
5999  0.048141223673157645
6041  0.023692185742205604
6124  0.01969165013425607
6187  0.014675156164726639
6208  0.02427201791218907
6330  0.029126746200445613
6363  0.018595664798633553
6394  0.016714751645384485
6515  0.025909818569879214
6527  0.06576675826285792
6529  0.07939500365331423
6557  0.01649405769507155
6579  0.030371901973924705
6603  0.06913796132042888
6616  0.07657671285691847
6644  0.11005840623752902
6696  0.015448935693032581
6786  0.022612085987479297
6825  0.031895929869929514
6866  0.018913833729269827
6879  0.025909818569879214
6904  0.03204536652843987
6944  0.03273935149829967
6954  0.2327034558932183
6955  0.12758371947971806
6959  0.022465602800078123
6962  0.014415968610694203
7007  0.03505210850190861
7075  0.05502920311876451
7084  0.05289266751720075
7297  0.02185269966037407
7508  0.027348153613206454
7518  0.04068240887336519
7565  0.0455167902773574
7589  0.035091089003228416
7817  0.02479292599873079
7901  0.045268755559460305
7909  0.061795742772130326
7910  0.03821216165943263
7956  0.03664737371397263
7962  0.02004148215468768
8066  0.029950832637433894
8182  0.03239466481380313
8190  0.0495214644596298
8191  0.029023461756232185
8201  0.021759455319418034
8219  0.020220394063553044
8226  0.03442974088629902
8352  0.039384989909118324
8355  0.015938979319735667
8360  0.08201205206608606
8453  0.03505210850190861
8618  0.03859257932775757
8692  0.08201205206608606
8699  0.02562045812988159
8823  0.019351959613725152
8832  0.10038215344616855
8834  0.035267132927500465
8885  0.036067772189118406
9128  0.027840831447234093
9202  0.04347942468338433
9314  0.06101531441881481
9446  0.04177086475553428
9461  0.29716886926277
9526  0.017787171668265152
9528  0.02077412710826304
9537  0.03849454887553877
9554  0.024103403457768263
9565  0.04881103468314137
9585  0.057644111361243866
9662  0.03793641946896747
9668  0.0502777592747214
9678  0.02692946160029455
9798  0.01745027159956403
9855  0.020964676061186866
9929  0.05395237777397241
10047  0.008133353619950328
10051  0.025909818569879214
10077  0.026206505363603347
10111  0.028046354171442973
10135  0.04034869726099639
10212  0.022612085987479297
10214  0.04338977982911453
10223  0.025338070913775452
10462  0.02203682927238724
10473  0.03157485492504305
10475  0.048141223673157645
10480  0.08201205206608606
10495  0.045268755559460305
10508  0.023854945336447737
10535  0.08201205206608606
10541  0.06315185002037858
10605  0.02306285319182702
10642  0.02306285319182702
10659  0.014090935380884495
10680  0.04881103468314137
10695  0.037403668529064224
10710  0.023543601343211158
10755  0.03616900107305704
10770  0.023611645889750586
10771  0.08510477557582616
10772  0.073889405164472
10913  0.059208899306703866
10948  0.06411965536026269
11141  0.05244258351357301
11144  0.01749781122826753
11240  0.029411955977368242
11252  0.0071871361523771085
11312  0.039697501826657114
11389  0.022760423441651828
11398  0.014637776540037766
11401  0.020524787863410845
11422  0.048141223673157645
11462  0.025338070913775452
11499  0.03908059610926052
11506  0.019749235028530893
11533  0.034805848101384186
11652  0.04690655621715045
11674  0.06252468601500852
11711  0.16143997234278915
11732  0.03849454887553877
11812  0.05502920311876451
11931  0.08201205206608606
11982  0.05108625240508981
12063  0.025909818569879214
12084  0.056263870574771696
12220  0.030602788471014688
12234  0.025812569029146127
12274  0.02452957778340705
12304  0.025429305758671156
12373  0.02142172294115984
12396  0.04477002061558669
12481  0.04690655621715045
12490  0.028771441238652617
12505  0.12419645267404722
12536  0.047507636810732376
12555  0.035709393051689575
12671  0.027411077668411544
12682  0.022835302306032396
12705  0.08201205206608606
12724  0.03793641946896747
12770  0.021828185735819832
12773  0.027144486025886403
12799  0.048141223673157645
12808  0.02682341108099994
12827  0.019749235028530893
12859  0.023611645889750586
12862  0.033970381252181846
12867  0.05391231054761609
12896  0.03173429279136465
12898  0.06913796132042888
12948  0.014712655404418334
12965  0.0495214644596298
12974  0.04881103468314137
12976  0.08201205206608606
12987  0.018860202045707476
13013  0.009737995241822122
13039  0.030371901973924705
13045  0.014563373100222807
13049  0.027929751195421015
13058  0.04832096820159373
13101  0.059208899306703866
13129  0.028164129056301737
13235  0.03273935149829967
13247  0.06913796132042888
13259  0.04383203995330363
13270  0.044498510144621285
13293  0.0495214644596298
13314  0.03835636974517574
13368  0.039697501826657114
13395  0.05289266751720075
13520  0.03767206554991935
13632  0.037667016744387966
13655  0.020915257303051594
13661  0.01486386398500578
13668  0.017934576157793758
13850  0.10945411932608964
13975  0.01589735049299544
14034  0.015133266709585284
14041  0.018388252261847086
14065  0.07515688461254695
14104  0.022612085987479297
14110  0.025431445928963622
14136  0.05959578225792749
14190  0.06362247289784416
14233  0.0834428911076104
14234  0.024019997394609506
14273  0.029023461756232185
14370  0.05108625240508981
14383  0.017787171668265152
14396  0.05502920311876451
