335
t_index	 tf-idf
106  0.04358458701074517
193  0.018829907412019002
271  0.048524936713186764
325  0.0504116583623991
336  0.022664455800680775
436  0.02882318188480556
450  0.034803734435551056
482  0.024902969132531847
547  0.030697623897330478
555  0.052563617008573565
635  0.028264572045292216
896  0.03641939146260134
907  0.07116248180957611
917  0.02520582918119955
966  0.03764939664017335
972  0.02333138716867463
983  0.03215760192404243
1011  0.02896749037033356
1014  0.060267303399229234
1074  0.046125960391263945
1077  0.17039342657249884
1087  0.030361633404104717
1093  0.046867690385717614
1106  0.02773355938634546
1122  0.032555825996267315
1124  0.046125960391263945
1222  0.034556578245965246
1247  0.04153058640676755
1261  0.04532891160136155
1276  0.06342873889772233
1282  0.023950947430821025
1283  0.03585342812023564
1299  0.017867716831224793
1321  0.033847475957134755
1333  0.1630485939396579
1353  0.019292379608230926
1375  0.04063416567513302
1468  0.026395574864866975
1483  0.01866148379903557
1486  0.018495658083385436
1513  0.031044454644311596
1516  0.029412415411042205
1517  0.034556578245965246
1519  0.06342873889772233
1590  0.057936944181591406
1617  0.060335920503514225
1626  0.04200847933823303
1646  0.024042444329908184
1649  0.03613268591847739
1681  0.1096518816304777
1702  0.037980217226710876
1742  0.06280569704617761
1871  0.041073035620918984
1948  0.04416585401512709
1978  0.021299846504796945
2000  0.014209960112250283
2004  0.03832154179136882
2042  0.03980677131706741
2105  0.13613772506957525
2155  0.02480388252557493
2198  0.04063416567513302
2217  0.12021222164954092
2225  0.051617755107394865
2244  0.046999774739839704
2320  0.11105043891458102
2354  0.025308708633759756
2361  0.048524936713186764
2383  0.030697623897330478
2395  0.023245722805062694
2404  0.049460380430500814
2610  0.033399460267921004
2662  0.08501721537531588
2706  0.02015290441085459
2741  0.04416585401512709
2825  0.04416585401512709
2901  0.0476644119105631
2973  0.03613268591847739
2974  0.01740141058130442
3042  0.03002469483782773
3057  0.04738146513838473
3074  0.03980677131706741
3138  0.034803734435551056
3140  0.12855464284964704
3263  0.033847475957134755
3280  0.03122215820672838
3284  0.04808488865981637
3329  0.02282735014051152
3339  0.04416585401512709
3354  0.03613268591847739
3481  0.021122190908457354
3603  0.04543211831897866
3751  0.01883579988722873
3811  0.025838412849845893
3873  0.036713952922859304
3942  0.03832154179136882
3957  0.024134726619706944
3963  0.016917057466919863
3968  0.03832154179136882
3980  0.038674059298996165
4015  0.06342873889772233
4034  0.01871733234411564
4110  0.048524936713186764
4118  0.054319591477985395
4119  0.03641939146260134
4120  0.048524936713186764
4225  0.02854024922043642
4233  0.13822631298386098
4335  0.04478035387673242
4351  0.12321910686275696
4436  0.01941117441640092
4437  0.03788734754519839
4457  0.06948220691153148
4458  0.03558124090478806
4560  0.048524936713186764
4594  0.024134726619706944
4635  0.015132023839348164
4671  0.022424650599929066
4683  0.0305283161344431
4748  0.02896749037033356
4759  0.033399460267921004
4789  0.013532237941294429
4797  0.026626784222231987
4809  0.04581946462367387
4824  0.033847475957134755
4857  0.03531577505295485
4867  0.04416585401512709
4889  0.017156506580006104
4974  0.050485043089323625
4979  0.038674059298996165
4984  0.01760143162071474
4990  0.03906259313665703
5032  0.04808488865981637
5052  0.0931333639329348
5092  0.051617755107394865
5114  0.026510558001041358
5156  0.009974309547902661
5178  0.019292379608230926
5226  0.029262051830591523
5278  0.034314976600936485
5290  0.017451068040264063
5371  0.082952716188202
5392  0.054319591477985395
5455  0.039415789293449834
5456  0.04416585401512709
5690  0.020217088605980087
5719  0.011752235989763255
5740  0.02896749037033356
5877  0.07486932937646255
5958  0.11195367561090909
5966  0.07523972268804979
6041  0.021735750297784122
6049  0.07751523854953768
6124  0.01806556790186939
6180  0.02047772732875622
6281  0.050485043089323625
6317  0.060335920503514225
6320  0.022424650599929066
6322  0.04200847933823303
6330  0.013360769860756653
6399  0.07086602566855872
6571  0.03531577505295485
6573  0.11496462537410645
6575  0.07850770030915025
6620  0.057936944181591406
6645  0.057936944181591406
6651  0.02234588965608448
6687  0.057936944181591406
6727  0.05652914409058443
6736  0.03701681297152701
6772  0.02047772732875622
6814  0.10697712280199483
6904  0.1322961678964251
6912  0.02234588965608448
6944  0.06007165204776746
6959  0.08244182078681261
7089  0.04303314199705584
7091  0.067787821595782
7198  0.048524936713186764
7213  0.06342873889772233
7281  0.060335920503514225
7297  0.010024081955094119
7302  0.04845561580061833
7341  0.02196051431877442
7427  0.048524936713186764
7438  0.13613772506957525
7445  0.057936944181591406
7508  0.008363272803814062
7563  0.019471067723123417
7584  0.07185284229246307
7589  0.03219336352292523
7657  0.21792293505372584
7697  0.020949625935700076
7726  0.020677438720252492
7732  0.01750095592909267
7770  0.01755107639633211
7909  0.02834641026742349
7965  0.015334493491090267
7991  0.036342976349828034
8080  0.057936944181591406
8143  0.030264047678696327
8195  0.067787821595782
8228  0.03480282116260884
8306  0.02333138716867463
8326  0.019837608477918794
8349  0.04598550129044719
8352  0.07226537183695478
8355  0.043868346922271026
8356  0.052884019411246444
8370  0.018773472527828815
8452  0.06552121945205508
8554  0.03701681297152701
8572  0.022267701524172307
8601  0.04358458701074517
8610  0.03641939146260134
8618  0.03540571042042966
8748  0.18489497791024953
8790  0.01677590680804138
8805  0.038942135446246834
8834  0.03235487022479963
8857  0.031044454644311596
8864  0.01079971779461013
8945  0.06342873889772233
8953  0.027104677153697465
9000  0.028401527027967857
9021  0.02799578752673995
9039  0.010693009020281566
9127  0.01184047851596314
9128  0.11068118648986992
9202  0.04653718247053848
9250  0.07170685624047128
9264  0.02282735014051152
9277  0.03407868531449977
9289  0.027604805503122373
9313  0.06342873889772233
9347  0.060335920503514225
9454  0.038674059298996165
9526  0.016318356022192813
9547  0.027863873960687065
9736  0.04063416567513302
9792  0.034902136080528126
9855  0.05770041256195242
9912  0.019962619430090252
9929  0.04949713901565973
9959  0.03318226458286523
10047  0.014923447358585607
10051  0.023770257114460597
10077  0.04808488865981637
10086  0.03558124090478806
10195  0.038674059298996165
10212  0.020744842205939855
10223  0.023245722805062694
10268  0.046125960391263945
10398  0.11195367561090909
10508  0.04377013930602825
10520  0.03531577505295485
10596  0.024416423628566303
10672  0.09086423663795733
10710  0.03239915338383039
10712  0.029564911879259227
10756  0.0788561378602745
10780  0.03903852880424251
10781  0.060335920503514225
10826  0.03613268591847739
10955  0.054319591477985395
11060  0.057936944181591406
11134  0.03215760192404243
11141  0.03499055956868026
11144  0.0160528901703596
11161  0.03613268591847739
11232  0.046867690385717614
11239  0.037659814824038004
11240  0.053966395321192594
11252  0.019780926732220885
11398  0.026858058538874532
11545  0.067787821595782
11576  0.06342873889772233
11669  0.033847475957134755
11711  0.021158386296077494
11732  0.03531577505295485
11789  0.04288638581030524
11816  0.050485043089323625
12033  0.053021116002082716
12072  0.06342873889772233
12077  0.06911315649193049
12178  0.033399460267921004
12220  0.0070189236216915436
12225  0.025308708633759756
12375  0.03980677131706741
12389  0.08243272611082209
12403  0.026626784222231987
12412  0.034314976600936485
12479  0.049460380430500814
12490  0.05279114972973395
12511  0.09112421116778134
12570  0.10980257159387212
12703  0.04063416567513302
12717  0.12014330409553492
12770  0.020025674278006243
12827  0.018118397594178114
12828  0.035056706595390154
12862  0.031165200731252316
12940  0.02510392490399953
12948  0.013497724843432294
13026  0.03215760192404243
13032  0.067787821595782
13111  0.02882318188480556
13132  0.024608407672273885
13149  0.06862995320187297
13150  0.0476644119105631
13151  0.03318226458286523
13206  0.013091985342204387
13225  0.048524936713186764
13314  0.028151205099678018
13419  0.09373538077143523
13520  0.011520403378347172
13661  0.08181868221540513
13745  0.10223605594349931
13785  0.031963888201182046
13809  0.038674059298996165
13975  0.014584591074539516
13976  0.018773472527828815
13995  0.02480388252557493
14011  0.03540571042042966
14034  0.013883603225486664
14065  0.01149177268033141
14131  0.054319591477985395
14151  0.020217088605980087
14174  0.03003582602388373
14190  0.006485411590894254
14252  0.031044454644311596
14275  0.013326801994422894
14303  0.02573036349059745
14383  0.06527342408877125
14384  0.25384056546392847
14392  0.04069323626742994
