324
t_index	 tf-idf
9  0.021821290964727843
48  0.024991176596484484
94  0.05579730833460827
161  0.05579730833460827
338  0.04971214387347388
436  0.023724850997587782
534  0.027491663530527816
562  0.05579730833460827
577  0.05579730833460827
656  0.05579730833460827
664  0.05579730833460827
675  0.06619920251801714
702  0.024086092310663637
716  0.029977420235082635
914  0.24175903024404494
961  0.019275539567174222
972  0.019204461407352047
977  0.01878957996094447
995  0.039279509791691695
1005  0.019639754895845848
1029  0.01994232055052976
1056  0.022827964195745374
1078  0.05579730833460827
1088  0.05534825476590399
1138  0.032966945861198034
1261  0.037310997721318566
1292  0.016801441867365114
1299  0.022060832206976123
1416  0.06720576746946046
1421  0.05053547216645672
1486  0.045672271772531574
1544  0.015783172273369887
1570  0.018722285466894962
1575  0.018458111123281124
1586  0.015499216895412456
1630  0.030448181181687715
1730  0.056888214018050595
1779  0.009893180377234839
1807  0.04768888367208418
1837  0.07225827693199091
1844  0.15662781978695972
1867  0.02663184370821726
1918  0.04607548679247793
1972  0.029977420235082635
1978  0.01753226575113802
1979  0.03154311250685818
2136  0.026153392955490167
2146  0.026310019757963092
2178  0.022827964195745374
2223  0.015592859920810902
2321  0.03309960125900857
2354  0.02083202831932461
2408  0.025848218461364623
2427  0.019865703766103315
2518  0.0415550972022422
2532  0.06193109480445025
2590  0.00977044355083793
2598  0.05948285605555704
2604  0.027161291043361332
2611  0.051902704123476334
2617  0.03857759269764705
2645  0.017075432277789043
2740  0.018722285466894962
2826  0.03154311250685818
2868  0.030725684062965084
2974  0.07161698434948481
2986  0.05677717178444334
3068  0.0699791152507174
3092  0.0413269347001548
3108  0.03857759269764705
3190  0.022935228337207094
3193  0.02974142802777852
3195  0.1303598783439173
3216  0.03154311250685818
3232  0.02083202831932461
3269  0.036657847341847016
3290  0.03457789347886728
3380  0.09217705218889524
3384  0.03857759269764705
3470  0.13959029845458712
3481  0.034772068819364114
3486  0.02864754547027811
3492  0.015499216895412456
3593  0.06249608495797383
3716  0.035875214497620496
3751  0.007752033545964228
3801  0.023265049742431185
3806  0.02091752834022256
3808  0.016328672773466852
3811  0.06380411059334576
3836  0.03602794574621912
3897  0.11155160269591659
3915  0.015977667648139553
3922  0.03457789347886728
3963  0.013924717587543024
3970  0.04471137916748903
3989  0.021448638710906524
4079  0.05579730833460827
4102  0.04607548679247793
4160  0.039233387728850544
4180  0.03994170032263595
4301  0.022827964195745374
4309  0.06426655341157454
4318  0.03796706212995384
4437  0.0467785797624327
4481  0.028050745213053847
4545  0.046065880561153294
4548  0.06946121337814878
4625  0.03857759269764705
4746  0.0831101944044844
4778  0.027312886069876134
4779  0.05393162957833318
4789  0.011138615094760213
4797  0.021916958743211867
4841  0.03542131073240022
4877  0.028050745213053847
4965  0.02824524058782351
5114  0.021821290964727843
5141  0.07710215826869689
5290  0.014364270768533303
5315  0.01944364308426067
5375  0.013431916250585929
5399  0.08942275833497806
5421  0.024591897593123104
5430  0.02009757336288706
5473  0.02349196431174804
5509  0.02696581478916659
5517  0.03994170032263595
5520  0.04607548679247793
5531  0.022310320539183318
5535  0.08247499059158345
5573  0.03739594892508233
5613  0.38663856436112076
5624  0.02349196431174804
5691  0.01994232055052976
5877  0.030813108886536076
5902  0.38663856436112076
5912  0.05220927326231991
5925  0.02786043286049486
5928  0.04248745172018957
6017  0.034947710176189126
6134  0.02663184370821726
6166  0.04607548679247793
6356  0.025999490235945295
6394  0.012622082275773367
6409  0.038551079134348444
6557  0.02491085212696344
6616  0.019275539567174222
6655  0.029977420235082635
6671  0.020019606485648187
6672  0.04248745172018957
6696  0.02333241217430049
6786  0.017075432277789043
6828  0.023724850997587782
6862  0.06915578695773456
6872  0.039233387728850544
6879  0.01956570272042791
6962  0.010886164853032308
6986  0.05427529798135345
6987  0.06761582770558795
7142  0.029977420235082635
7158  0.039233387728850544
7185  0.1383115739154691
7195  0.020287764447945958
7297  0.008250992264583585
7434  0.028050745213053847
7501  0.04675555943375646
7508  0.0068839520187486515
7514  0.017075432277789043
7533  0.06426655341157454
7553  0.033807913852793976
7563  0.01602696684707682
7565  0.06874366834742293
7575  0.058623198567518034
7577  0.015269355054354146
7632  0.02091752834022256
7679  0.010169347517292981
7814  0.04471137916748903
7901  0.03418453168289582
7909  0.02333241217430049
7962  0.015134250394606606
7992  0.022310320539183318
8007  0.010220499008399424
8042  0.051696436922729246
8105  0.02974142802777852
8112  0.024991176596484484
8304  0.03994170032263595
8355  0.03610878210465796
8370  0.06181105753141603
8401  0.030469168035122965
8413  0.021916958743211867
8462  0.03126216245524035
8508  0.02033568234650121
8518  0.07370444299317577
8618  0.02914304213690047
8639  0.03418453168289582
8775  0.03176125693589848
8834  0.07989553112465178
8894  0.05579730833460827
9058  0.04248745172018957
9060  0.035782131146842415
9090  0.05649048117564702
9127  0.019492198304410752
9128  0.028031866509961048
9202  0.00547222085915658
9236  0.016964816045934607
9239  0.023724850997587782
9242  0.047062513484657585
9264  0.03757915992188894
9273  0.01994232055052976
9300  0.014364270768533303
9395  0.06426655341157454
9494  0.0349895576253587
9526  0.026863832501171858
9528  0.06275001797954345
9646  0.12869183226543915
9678  0.02033568234650121
9680  0.02569948919026989
9866  0.029059361760470838
9872  0.027694185349374446
9904  0.027674127382951996
9905  0.02172664639065288
9929  0.013580645521680666
9939  0.0415550972022422
9973  0.02160718045195463
10025  0.06761582770558795
10047  0.012283743216408493
10050  0.0426056876299777
10085  0.03796706212995384
10109  0.03154311250685818
10119  0.03098985840657892
10153  0.03994170032263595
10185  0.05657217037992752
10197  0.04966352186476629
10354  0.024086092310663637
10386  0.03826789922677276
10517  0.02786043286049486
10583  0.030219878780505617
10605  0.01741582744854639
10606  0.06308622501371636
10610  0.04768888367208418
10642  0.01741582744854639
10699  0.03276563017805924
10700  0.03244380622780507
10712  0.024335381565280985
10723  0.03213327670578727
10770  0.07132098481861769
10894  0.025999490235945295
10912  0.05579730833460827
10928  0.03685947053280706
10939  0.022013672091889334
10948  0.024209859129882747
11067  0.02951156618672021
11072  0.028728541537066606
11141  0.02880132441334586
11250  0.021357877060685836
11252  0.005427339021668268
11278  0.022013672091889334
11398  0.03316098684728473
11407  0.037310997721318566
11470  0.018138611318364525
11512  0.027463834592522673
11533  0.013141753097332242
11605  0.14306665101625254
11684  0.046920167031198216
11727  0.018655498860659283
11761  0.010323697651117186
11905  0.03309960125900857
11941  0.02696581478916659
11969  0.12869183226543915
12063  0.03913140544085582
12220  0.005777395353282121
12274  0.018523419045693174
12333  0.0162269569027569
12373  0.08088267034670671
12466  0.06619920251801714
12511  0.03000235492207069
12535  0.06178459183673774
12540  0.02786043286049486
12587  0.03739594892508233
12653  0.04768888367208418
12671  0.010349686460757039
12682  0.017243993247036255
12743  0.09634436924265455
12825  0.03457789347886728
12868  0.01741582744854639
12871  0.028855771155516716
12899  0.016801441867365114
12939  0.018523419045693174
12941  0.03448798649407251
12973  0.024335381565280985
13022  0.03418453168289582
13058  0.012163132886551384
13085  0.014364270768533303
13111  0.023724850997587782
13129  0.021268036864448583
13206  0.010776235696244946
13235  0.02472299900316568
13270  0.03360288373473023
13294  0.01602696684707682
13309  0.028855771155516716
13314  0.005792933870570304
13370  0.04471137916748903
13516  0.051696436922729246
13520  0.018965279730443426
13521  0.03418453168289582
13585  0.04607548679247793
13650  0.021916958743211867
13661  0.011224391372064083
13833  0.030725684062965084
13850  0.0206634673500774
13864  0.029977420235082635
13913  0.20643851308661562
13916  0.07497352978945346
13940  0.05579730833460827
14049  0.023724850997587782
14051  0.02928752426255824
14110  0.019204461407352047
14199  0.01741582744854639
14207  0.045234518800881994
14224  0.023724850997587782
14229  0.03739594892508233
14233  0.021003862520834745
14285  0.013285645427436415
