357
t_index	 tf-idf
10  0.019678749243399737
78  0.03700989528508028
193  0.01745494633074387
248  0.02799247243112449
321  0.024362709113715457
325  0.0233652978717733
336  0.02100949574313288
337  0.03116611706766761
547  0.02845608137548516
555  0.048725418227430914
647  0.04679862191287052
761  0.030561944507985564
916  0.0352068992595832
917  0.0233652978717733
920  0.024574755307128347
933  0.03036842784289306
962  0.1309480593164221
1011  0.026852282312751816
1012  0.028299136476611617
1014  0.03724438728646264
1026  0.03203325462304009
1077  0.03159025746495277
1093  0.04344540854228794
1106  0.0771253591518195
1117  0.030960629476077903
1136  0.03431384284666048
1148  0.04584878018898327
1190  0.15687965515056734
1299  0.008281507484813407
1302  0.0257084530506065
1332  0.021391373693640026
1333  0.03487910188967292
1421  0.02845608137548516
1454  0.049022424825526385
1474  0.039890859129898926
1485  0.024362709113715457
1496  0.028144624930237193
1516  0.05452943779527995
1517  0.03203325462304009
1555  0.06974571317444116
1575  0.02078720113395798
1628  0.0421146620425548
1630  0.017145103910134723
1681  0.06352818375063396
1700  0.03490023521409608
1717  0.014522616029386516
1796  0.2865860230918664
1911  0.03226236345135954
1985  0.019483971803416482
2055  0.022117947633691123
2056  0.06974571317444116
2100  0.047848623224666785
2105  0.07571816364308531
2198  0.03766705621724306
2217  0.022286863459061872
2244  0.13070354426447864
2248  0.029453492617427326
2721  0.03894101740601168
2790  0.03403309765872361
2807  0.02980945171038422
2823  0.02021757209278043
2895  0.05143531173040417
2966  0.0352068992595832
2982  0.03036842784289306
3012  0.01761355649741486
3113  0.06974571317444116
3126  0.14814941488172378
3140  0.14564925753779484
3151  0.0352068992595832
3185  0.19322583473909632
3190  0.05165850409226786
3195  0.048936336494283764
3198  0.0500257655751331
3199  0.02620069113017056
3205  0.02263353476466373
3229  0.03298309634692734
3232  0.02346066505992147
3233  0.03273701482910552
3257  0.0467305957435466
3264  0.03552330028201553
3269  0.02064171249006558
3275  0.05538992783385914
3284  0.044573726918123745
3298  0.03323540843394906
3305  0.02799247243112449
3400  0.07936871501940493
3435  0.0380738798506392
3470  0.02620069113017056
3503  0.02799247243112449
3566  0.026327645650977463
3576  0.02195184720352538
3589  0.04498164263361079
3813  0.06233223413533522
3839  0.02195184720352538
3840  0.01961339953309838
3967  0.0500257655751331
3977  0.02375236769273422
3980  0.03585007693798334
4076  0.05343702248471175
4077  0.03298309634692734
4078  0.02375236769273422
4229  0.03249686356740076
4437  0.01756040546417029
4457  0.021469537193232923
4481  0.03159025746495277
4594  0.022372407289972446
4618  0.047848623224666785
4619  0.05035317132525953
4633  0.04275783972095492
4648  0.03203325462304009
4662  0.05370638469584211
4759  0.061921258952155805
4778  0.03075929343427147
4809  0.0849474485890624
4824  0.06275186206022694
4860  0.07978171825979785
4889  0.01590373733786463
4897  0.026852282312751816
4961  0.022458691769325308
4984  0.016316173922752787
4990  0.036210240009189924
5032  0.2228686345906187
5052  0.057555173036888466
5126  0.03298309634692734
5128  0.03253899128035216
5155  0.04584878018898327
5315  0.05474272487443593
5371  0.015379100676090279
5435  0.2636693935207014
5455  0.036537645759316346
5463  0.03235357980172966
5491  0.03298309634692734
5495  0.027125334875752017
5498  0.05291247667960328
5523  0.04275783972095492
5531  0.025125491840068497
5603  0.0233652978717733
5620  0.04679862191287052
5621  0.06974571317444116
5624  0.05291247667960328
5627  0.01590373733786463
5719  0.010894086942595273
5720  0.040402037592314505
5742  0.016844604909762632
5826  0.07237586571183126
5949  0.036537645759316346
6049  0.023951690239208897
6053  0.02620069113017056
6078  0.04344540854228794
6124  0.03349283788408477
6199  0.03431384284666048
6237  0.020714191319428116
6320  0.02078720113395798
6330  0.024770331128454757
6394  0.0142147677648842
6399  0.02627655351992363
6424  0.05593018760849798
6431  0.06974571317444116
6503  0.02645623833980164
6575  0.024258354284696023
6642  0.06283795039146957
6667  0.058219620905105844
6696  0.05255310703984726
6772  0.018982442328468213
6820  0.037276190625864646
6843  0.047308363450027945
6879  0.06610365411612046
6883  0.06283795039146957
6904  0.12263589299017047
6944  0.027842608026410698
6959  0.01910547839874273
6962  0.012259807998012568
7092  0.030561944507985564
7122  0.07104660056403106
7258  0.03894101740601168
7262  0.03323540843394906
7273  0.02740608006368889
7284  0.049022424825526385
7297  0.02787636848858809
7424  0.049022424825526385
7427  0.04498164263361079
7438  0.07571816364308531
7508  0.007752586072025287
7522  0.040940860441695204
7539  0.022202047669581334
7565  0.012902985676412694
7629  0.04498164263361079
7671  0.03180929474606774
7679  0.011452540881957168
7703  0.0771253591518195
7715  0.04831016174464934
7726  0.019167570780984158
7732  0.01622303497276049
7750  0.061921258952155805
7792  0.04811798543579714
7825  0.028144624930237193
7909  0.02627655351992363
7910  0.03249686356740076
7962  0.01704392745623731
7965  0.0568590710595368
8050  0.12567590078293914
8180  0.04344540854228794
8182  0.05509895054607434
8228  0.032261516865667805
8235  0.033760045095723404
8306  0.02162772773864401
8352  0.03349427480934292
8355  0.054220103115178005
8590  0.05035317132525953
8790  0.015550928986353718
8817  0.03585007693798334
8823  0.016457535088801708
8855  0.025951533274892417
8885  0.015336602551514424
9039  0.009912204796293369
9098  0.04498164263361079
9099  0.03159025746495277
9110  0.022722120193373167
9128  0.04735349490077502
9202  0.006162719190982284
9236  0.01910547839874273
9240  0.03585007693798334
9264  0.02116049552752442
9289  0.025589100784429167
9434  0.05593018760849798
9530  0.08682694246503524
9537  0.03273701482910552
9593  0.03159025746495277
9641  0.08651091095457604
9642  0.008156933423855544
9661  0.06283795039146957
9678  0.02290168892741263
9680  0.028942314155011743
9715  0.049022424825526385
9739  0.03585007693798334
9792  0.01617678990086483
9798  0.02968055565341918
9817  0.0421146620425548
9827  0.03766705621724306
9832  0.040402037592314505
9855  0.01782904154355705
9912  0.03700989528508028
9929  0.015294284886609744
9953  0.05593018760849798
9987  0.036537645759316346
10035  0.021391373693640026
10047  0.006916868124044132
10094  0.05856034014588807
10106  0.047903380478417794
10109  0.03552330028201553
10111  0.023851530651299878
10182  0.17667571516719907
10193  0.02405286669310631
10254  0.02799247243112449
10301  0.032632347845505574
10590  0.021869823735472645
10605  0.01961339953309838
10657  0.04418395340883624
10659  0.02396677836186369
10662  0.03323540843394906
10710  0.010011121688881788
10726  0.05291247667960328
10749  0.04679862191287052
10787  0.048936336494283764
10799  0.030673205103028848
10806  0.03460272669990116
10814  0.030561944507985564
11141  0.06892553652700681
11144  0.014880707071246746
11161  0.03349427480934292
11240  0.1000515311502662
11281  0.026075333563955746
11356  0.040574040846756705
11389  0.05806861034806568
11398  0.03734532199915091
11462  0.02154831859251357
11473  0.029629882976344758
11506  0.033590782013468
11533  0.014800011933100762
11615  0.15566821624974717
11631  0.0518964630632699
11658  0.040940860441695204
11751  0.03137593103011347
11786  0.026075333563955746
11788  0.02582925204613393
11886  0.016552902276949878
11982  0.04344540854228794
12000  0.022545729834455734
12024  0.03075929343427147
12063  0.022034551372040155
12068  0.02281150012083622
12069  0.0788092527007447
12070  0.08942835513115265
12084  0.047848623224666785
12115  0.03554946379801917
12174  0.027842608026410698
12220  0.006506401355856685
12225  0.02346066505992147
12257  0.036537645759316346
12333  0.018274514368061434
12375  0.0369000782497796
12492  0.021313818476472356
12531  0.04498164263361079
12544  0.0467305957435466
12570  0.10178478057334193
12644  0.02582925204613393
12671  0.023311270876661044
12711  0.033760045095723404
12717  0.027842608026410698
12741  0.022117947633691123
12747  0.04275783972095492
12750  0.03249686356740076
12768  0.12567590078293914
12826  0.023654181725013972
12827  0.033590782013468
12828  0.03249686356740076
12859  0.020080110670514642
12862  0.02888951571815194
12870  0.03894101740601168
12883  0.03470118300344886
12940  0.02327083465161619
12945  0.02346066505992147
12987  0.032078656957198096
13039  0.02582925204613393
13089  0.01874083546242132
13131  0.03940462635037235
13147  0.03116611706766761
13227  0.0257084530506065
13235  0.027842608026410698
13248  0.028299136476611617
13314  0.013047801123201483
13508  0.0380738798506392
13650  0.04936498936396235
13651  0.05593018760849798
13655  0.05929004742103022
13660  0.06974571317444116
13661  0.05056285109543384
13668  0.045756438465850126
13728  0.0380738798506392
13807  0.06596619269385467
13866  0.019483971803416482
13975  0.013519623272254696
14011  0.03282038311011505
14034  0.02573964320435583
14041  0.015637967051484142
14042  0.07307529151863269
14136  0.033788126103047024
14174  0.027842608026410698
14190  0.006011846408739484
14192  0.040574040846756705
14199  0.01961339953309838
14224  0.05343702248471175
14275  0.03706103410120165
14303  0.023851530651299878
14383  0.045380365767205694
14384  0.12834824216184018
14392  0.018860906735497035
