262
t_index	 tf-idf
286  0.058670463169550456
319  0.04368725776866121
321  0.031776772569409716
325  0.030475828982001966
336  0.08220932634109261
338  0.03651114602844178
364  0.06394093683139522
436  0.03484949277104748
966  0.04552108026413585
1056  0.0335320535120851
1113  0.06768039740524454
1117  0.04038257309049529
1167  0.03502397307455137
1255  0.033070516717452834
1261  0.027403108780364206
1299  0.0324052114214953
1332  0.05580239977723785
1333  0.030329010428741435
1343  0.0398625602504298
1381  0.03262480719758465
1456  0.06394093683139522
1462  0.07669033164093861
1628  0.05493100259570115
1651  0.044756236879540806
1742  0.0379685125316644
1779  0.014532117317582686
1802  0.056666722078792295
1867  0.039119581610166855
1972  0.04403390731024545
1978  0.025753188865822178
2034  0.19651960267434526
2286  0.0729508710670893
2434  0.10158310785196124
2521  0.03137263885480122
2527  0.1299182802910405
2598  0.04368725776866121
2604  0.019948644060276258
2620  0.04368725776866121
2742  0.05269719200435528
2787  0.03961015256348774
2810  0.03337637994555938
2834  0.13135331262897273
2840  0.022563200945359366
2874  0.054142968147968644
2890  0.049129900668586315
2904  0.09266751318234694
2906  0.06104038586783781
2944  0.10828593629593729
2974  0.021039673367182394
2976  0.035200827332484405
3042  0.10890664915680691
3057  0.01909597204802054
3092  0.03035261869988204
3153  0.045133033912274564
3178  0.018491277557053633
3192  0.06104038586783781
3207  0.07638143203686458
3297  0.029636919371710067
3345  0.06095165796400393
3400  0.03450740493768362
3481  0.012769194641917916
3572  0.039119581610166855
3585  0.04208045095314691
3678  0.07005032010353189
3740  0.06567665631448637
3741  0.039119581610166855
3751  0.02277396279946844
3891  0.022904390807154316
3902  0.031776772569409716
3957  0.029180781782738217
4026  0.04720065025412637
4073  0.03593333590577727
4291  0.04011996643289224
4317  0.05493100259570115
4467  0.04765678784309822
4545  0.0169165716970264
4591  0.04633375659117347
4594  0.029180781782738217
4603  0.06567665631448637
4789  0.032723078957485885
4795  0.03035261869988204
4828  0.058670463169550456
4897  0.03502397307455137
4995  0.05493100259570115
5135  0.03841678410681645
5156  0.048238897409042046
5238  0.04038257309049529
5257  0.04238631418125346
5309  0.03961015256348774
5315  0.014280407897538842
5349  0.03659161278642012
5375  0.019730175263216743
5498  0.03450740493768362
5627  0.020743565177012535
5647  0.02906920523979821
5719  0.04262813156497501
5726  0.1820843210565434
5756  0.07341920319986064
5768  0.014937779918036348
5877  0.045261452453548325
6036  0.13004883941201115
6116  0.12208077173567562
6180  0.024759182152861936
6208  0.026923401670083197
6266  0.0379685125316644
6269  0.0533999895077057
6271  0.025413337156227903
6304  0.049129900668586315
6399  0.068546076810519
6574  0.05021374380331611
6720  0.03164066046246823
6857  0.03035261869988204
6866  0.02097990964148776
6910  0.04862008679918181
6948  0.05021374380331611
6959  0.049839321158650064
7012  0.049129900668586315
7019  0.12715894254376037
7033  0.04439005527201162
7086  0.06567665631448637
7103  0.030852626014735724
7121  0.02906920523979821
7174  0.037750043734604895
7248  0.027600060842806994
7300  0.05203045163214373
7341  0.02655198818989712
7365  0.06394093683139522
7462  0.08196080530278338
7539  0.02895857829597033
7565  0.05048887289897798
7577  0.022429193702391482
7595  0.03651114602844178
7632  0.030725809521622887
7670  0.03384910794832209
7891  0.04368725776866121
8007  0.015012916470831706
8066  0.033222548713023076
8201  0.04827275241855521
8219  0.022429193702391482
8279  0.11734092633910091
8326  0.02398522814063576
8396  0.049660528933856384
8540  0.018639834459048685
8569  0.07005032010353189
8717  0.054142968147968644
8775  0.031102792991183688
8832  0.03711584051940869
8864  0.026115415620440095
8885  0.060011519530790695
8949  0.054142968147968644
8970  0.04178161969028655
9000  0.034339678901642974
9007  0.054142968147968644
9128  0.01029401964839717
9190  0.15458741442961657
9231  0.01829580639321006
9317  0.04120380956762204
9348  0.023835817444595238
9395  0.04720065025412637
9396  0.049129900668586315
9433  0.045921068360007075
9436  0.058670463169550456
9526  0.019730175263216743
9798  0.03871294700150745
9938  0.0729508710670893
9977  0.0729508710670893
10047  0.12630534721824366
10050  0.04172240051068196
10077  0.02906920523979821
10185  0.02769966736423625
10258  0.0355619224255912
10301  0.021281514528052353
10335  0.030980691951540646
10423  0.0729508710670893
10462  0.04888809889494838
10531  0.1098620051914023
10637  0.06222006439439633
10638  0.04269954831255756
10659  0.031260352109102774
10689  0.062409923743399764
10696  0.06567665631448637
10718  0.02874010949891082
10745  0.044756236879540806
10766  0.03841678410681645
10848  0.05269719200435528
10850  0.04038257309049529
10874  0.02210009796150409
11023  0.05493100259570115
11091  0.027901199888618926
11092  0.025413337156227903
11141  0.04759462937919968
11142  0.05079155392598062
11199  0.049660528933856384
11239  0.022766838333715643
11252  0.007972231818057908
11343  0.03164066046246823
11389  0.025246686316634428
11398  0.016236752080940355
11401  0.022766838333715643
11407  0.027403108780364206
11456  0.028419140415018713
11470  0.053287702762007255
11503  0.022973716771165886
11511  0.04334961313733705
11533  0.019303953884091247
11712  0.0598014881616747
11721  0.049660528933856384
11761  0.030329010428741435
11786  0.03401058316075558
11969  0.031505958869058666
12034  0.08525742124505614
12115  0.02318394109623389
12220  0.01697286087235361
12243  0.0260140388388573
12333  0.023835817444595238
12414  0.03538012103631754
12499  0.06768039740524454
12505  0.09184213672001415
12511  0.02203526696705937
12558  0.045133033912274564
12572  0.062409923743399764
12598  0.05139624841694754
12671  0.015202680241634925
12862  0.056521766503747746
12871  0.04238631418125346
12883  0.045261452453548325
12899  0.024679679841169404
12949  0.05493100259570115
12987  0.04184083886989113
13013  0.010801737140498435
13142  0.10614036310895263
13206  0.03165847895386788
13227  0.0670641070241702
13270  0.024679679841169404
13371  0.058670463169550456
13395  0.058670463169550456
13411  0.0729508710670893
13451  0.06768039740524454
13489  0.062409923743399764
13507  0.058670463169550456
13520  0.01392907333610191
13655  0.023199961183302073
13659  0.05763002103487589
13814  0.4665728247207495
13818  0.037535186157860466
13822  0.06104038586783781
13866  0.12706668578113953
13885  0.03417408956116736
13934  0.03574630264384673
13952  0.07005032010353189
13976  0.045397208244445854
14001  0.062409923743399764
14034  0.01678636772915583
14041  0.020396915635428295
14065  0.04168336971438072
14151  0.07333214834242256
14182  0.028313888119785323
14190  0.09409646940053434
14254  0.02646076965807314
14376  0.0421281889169467
14408  0.07005032010353189
14450  0.06567665631448637
