419
t_index	 tf-idf
10  0.013260222530621335
11  0.01950233327838801
12  0.022569601958957675
150  0.027971204932271117
286  0.03031018809869831
287  0.027971204932271117
288  0.04699707617648368
337  0.02100080867036197
436  0.018003857886414048
471  0.023516986754895476
482  0.015555170799800256
486  0.03031018809869831
490  0.03961956752703465
526  0.01996564095425825
527  0.028378317319810994
542  0.02881171270672435
582  0.025381366535863075
653  0.026879841927837034
1005  0.014903838852550201
1011  0.018093997464883677
1096  0.02977267748255297
1282  0.014960508368328063
1292  0.025499909078260958
1333  0.06267399037133453
1381  0.01685454638366943
1422  0.009578402643993613
1423  0.04200161734072394
1468  0.016487498867978418
1483  0.011656544499848202
1551  0.027587369163417457
1575  0.014007135789766605
1630  0.04621185835482202
1643  0.02565549838453014
1644  0.03582982448957901
1646  0.015017660183654918
1683  0.030621902480180156
1696  0.037687696748147335
1750  0.012668555993808474
1779  0.007507546141154101
1900  0.012668555993808474
1956  0.01580860834004846
1978  0.013304548089361096
2042  0.0248645502281366
2055  0.044711516557650606
2136  0.01984678302367682
2201  0.02173949743641855
2395  0.014520003083696536
2408  0.019615198082496236
2415  0.020862344017041845
2425  0.07544918816290923
2427  0.015075302578502573
2497  0.033929710096762766
2504  0.06865340044784327
2539  0.03961956752703465
2590  0.01482881196551261
2593  0.07237844271234675
2604  0.010305818654159894
2616  0.050073320035416244
2657  0.01627652975554884
2773  0.06606601406795834
2806  0.027971204932271117
2853  0.036189221356173376
2890  0.05076273307172615
3042  0.018754360330639343
3050  0.03303300703397917
3119  0.025381366535863075
3138  0.02173949743641855
3149  0.04234238646231551
3167  0.02977267748255297
3178  0.009552917612390967
3201  0.02293267944924928
3207  0.019729992292670744
3351  0.026879841927837034
3374  0.036189221356173376
3402  0.0248645502281366
3436  0.036189221356173376
3481  0.00659678943298835
3484  0.02881171270672435
3588  0.04234238646231551
3593  0.01580860834004846
3655  0.015251259311343558
3771  0.012749954539130479
3796  0.01748704157868757
3810  0.021585115976008165
3860  0.025941298868222648
3882  0.018003857886414048
3922  0.026239805690176334
3951  0.06992975562573296
3954  0.022395168833103943
4034  0.046765716968102514
4040  0.017242822018977394
4043  0.020862344017041845
4076  0.09001928943207024
4082  0.023516986754895476
4120  0.03031018809869831
4183  0.033929710096762766
4225  0.01782712932462359
4233  0.04317023195201633
4237  0.031534531642005204
4263  0.015493278216350275
4313  0.015310951240090078
4334  0.02100080867036197
4340  0.025941298868222648
4380  0.033929710096762766
4389  0.026552201447313736
4437  0.011832809153810249
4515  0.01580860834004846
4549  0.021897511733145567
4635  0.00945193378809682
4656  0.02977267748255297
4658  0.03961956752703465
4720  0.03031018809869831
4761  0.01917469279786471
4789  0.008452657647372323
4828  0.03031018809869831
4870  0.011868624160131945
4873  0.07537539349629467
4928  0.019391334093896588
4961  0.01513344404791235
4984  0.06596641719084523
4990  0.01219985666950126
5001  0.03303300703397917
5019  0.03582982448957901
5051  0.014960508368328063
5063  0.017570462499500693
5112  0.017914912244789506
5118  0.01950233327838801
5128  0.043851797689239184
5156  0.006230264664506303
5290  0.010900481085632085
5309  0.020463298054216632
5327  0.011726496150784305
5346  0.016416436852815547
5367  0.01984678302367682
5399  0.033929710096762766
5436  0.04699707617648368
5455  0.02462033066842642
5464  0.017570462499500693
5473  0.01782712932462359
5481  0.04699707617648368
5531  0.016930426261839993
5603  0.015744346627003435
5627  0.01071648881543465
5634  0.04699707617648368
5665  0.00908621922815911
5688  0.03961956752703465
5690  0.012628223753845338
5700  0.027971204932271117
5719  0.04404487765152072
5764  0.01410662350226499
5768  0.038585592701407434
5817  0.078719417070529
5833  0.055942409864542235
5878  0.04699707617648368
5905  0.05675663463962199
5967  0.25405431877389306
6017  0.013260222530621335
6036  0.06718550649931183
6053  0.017654932767572382
6116  0.031534531642005204
6123  0.01655932091910696
6152  0.021897511733145567
6187  0.025228832158218428
6208  0.027818201009210904
6214  0.02881171270672435
6264  0.04234238646231551
6265  0.04744725521128565
6271  0.013128974748245687
6304  0.05076273307172615
6315  0.013764679932697563
6330  0.00834555333923604
6356  0.019729992292670744
6363  0.010656261525921909
6373  0.03496487781286648
6515  0.014847643564219838
6516  0.09093056429609492
6557  0.028355801364290462
6607  0.01984678302367682
6659  0.027587369163417457
6696  0.008853025736095328
6772  0.012791026824766237
6825  0.018277989735081112
6828  0.018003857886414048
6872  0.02977267748255297
6962  0.04130541535582177
7121  0.015017660183654918
7143  0.027224291673125844
7182  0.04699707617648368
7195  0.03848896964526774
7283  0.04699707617648368
7299  0.03961956752703465
7338  0.019999785958390283
7471  0.03496487781286648
7482  0.028378317319810994
7486  0.11306309024444203
7508  0.01044792178927026
7518  0.011656544499848202
7577  0.011587314012793642
7625  0.01655932091910696
7662  0.5169678379413205
7670  0.01748704157868757
7679  0.030868474161125946
7697  0.013085789404767604
7726  0.025831545570665047
7732  0.01093164261610825
7748  0.016071987107526733
7750  0.020862344017041845
7762  0.03031018809869831
7770  0.010962949422309796
7773  0.019068937891474656
7792  0.021615709640620602
7816  0.04004750451673763
7817  0.014207607326559138
7962  0.011484788391278282
7992  0.016930426261839993
8007  0.0077559353984633225
8028  0.23123104923785415
8079  0.033929710096762766
8114  0.15767265821002605
8121  0.021897511733145567
8185  0.031534531642005204
8228  0.010869463488835072
8261  0.023723627605642825
8269  0.04234238646231551
8270  0.02881171270672435
8355  0.036535382612369965
8370  0.011726496150784305
8396  0.05131099676906028
8451  0.09313183662552768
8453  0.020086640584034206
8508  0.030863901739732066
8520  0.015431950869866033
8572  0.027818201009210904
8595  0.019068937891474656
8608  0.030894495404344507
8610  0.06824606153715554
8621  0.03224205887758562
8636  0.009892014389865438
8710  0.0251179877683848
8760  0.04699707617648368
8805  0.012162235855322272
8823  0.011089656912835264
8860  0.0273401934208276
8893  0.04234238646231551
8895  0.11306309024444203
8953  0.033860852523679985
8956  0.022395168833103943
9003  0.019615198082496236
9039  0.013358373516754535
9060  0.013576827186528613
9126  0.014414248177306485
9127  0.03697965987247858
9140  0.02927502038259459
9160  0.017740479118935774
9202  0.004152653548017762
9236  0.025747865577003468
9273  0.01513344404791235
9312  0.01473664437972842
9348  0.01231400045614216
9421  0.023936829568555987
9444  0.02415702299255618
9446  0.047873659137111974
9511  0.01950233327838801
9526  0.010192953850051667
9554  0.013812475848116118
9567  0.036189221356173376
9585  0.06606601406795834
9642  0.016489272417158123
9662  0.02173949743641855
9668  0.02881171270672435
9680  0.01950233327838801
9731  0.05817400228168977
9736  0.025381366535863075
9792  0.010900481085632085
9819  0.0248645502281366
9855  0.012013825444447564
9895  0.03224205887758562
9896  0.02565549838453014
9920  0.036189221356173376
9927  0.015371178529602821
9994  0.025941298868222648
10047  0.004660825208215365
10134  0.04118739256564418
10148  0.0158734909488239
10193  0.016207654302873676
10195  0.02415702299255618
10207  0.28198245705890207
10307  0.03582982448957901
10436  0.01917469279786471
10498  0.03961956752703465
10532  0.0143101329480745
10542  0.018003857886414048
10613  0.037687696748147335
10636  0.018003857886414048
10659  0.008074822502425675
10665  0.020209860513968426
10707  0.026879841927837034
10747  0.02565549838453014
10749  0.031534531642005204
10758  0.016705311402832056
10799  0.02066866752367258
10874  0.03425189218007569
10907  0.02977267748255297
10927  0.038782668187793176
10948  0.0183719115145899
10997  0.020463298054216632
11072  0.010900481085632085
11141  0.04644441275642175
11239  0.023523494277294752
11321  0.04699707617648368
11331  0.05954535496510594
11353  0.04699707617648368
11356  0.1230308703937242
11375  0.0256647037290388
11401  0.047046988554589504
11403  0.01663191943988631
11405  0.014007135789766605
11459  0.01846716556228429
11507  0.05131099676906028
11512  0.010420612864334404
11577  0.022395168833103943
11591  0.027224291673125844
11723  0.030894495404344507
11727  0.014156925593404932
11737  0.027224291673125844
11785  0.04549737435810369
11786  0.05271138749850208
11813  0.030894495404344507
11832  0.03961956752703465
11886  0.022307837251760578
11898  0.02293267944924928
11969  0.06510611902219536
11993  0.020862344017041845
11996  0.041453353643389805
12000  0.01519209330950865
12039  0.027224291673125844
12058  0.03224205887758562
12063  0.029695287128439676
12064  0.05444858334625169
12099  0.055174738326834914
12113  0.017914912244789506
12197  0.014627450140219649
12207  0.033929710096762766
12220  0.008768476978396698
12234  0.014791914632205333
12304  0.021858427933720132
12340  0.017654932767572382
12370  0.02927502038259459
12506  0.03496487781286648
12616  0.04699707617648368
12671  0.023561912050873428
12682  0.013085789404767604
12713  0.05375968385567407
12738  0.03224205887758562
12741  0.014903838852550201
12769  0.05483396920524333
12770  0.012508660397792646
12773  0.015555170799800256
12787  0.01782712932462359
12862  0.009733377931858736
12868  0.013216187633373063
12883  0.023382858484051257
12897  0.02927502038259459
12899  0.025499909078260958
12907  0.012628223753845338
12941  0.026171578809535207
12993  0.03961956752703465
13013  0.016741099362470487
13022  0.051882597736445296
13029  0.024384682006838916
13058  0.009230123972761949
13118  0.023723627605642825
13123  0.021434204057275322
13149  0.021434204057275322
13197  0.04234238646231551
13201  0.04699707617648368
13206  0.008177662150351228
13294  0.012162235855322272
13314  0.004396030059861975
13371  0.03031018809869831
13401  0.19345235326551372
13514  0.04699707617648368
13520  0.02158800919831124
13620  0.03416961544450076
13655  0.003995168661024755
13661  0.008517749896287249
13714  0.026552201447313736
13789  0.06617800190240046
13814  0.10043320292017102
13816  0.15003942840092724
13833  0.0466330304362059
13866  0.013128974748245687
13895  0.023121855276452462
13964  0.018277989735081112
13976  0.058632480753921516
14031  0.01984678302367682
14034  0.008672131356697636
14041  0.010537403595340479
14080  0.01071648881543465
14097  0.04234238646231551
14104  0.03887362531081757
14119  0.04234238646231551
14121  0.020726676821694903
14131  0.033929710096762766
14140  0.03303300703397917
14158  0.026239805690176334
14160  0.018661825503934776
14168  0.014361988786969525
14190  0.012152970732101767
14234  0.027529359865395127
14275  0.008324335951071824
14294  0.02881171270672435
14350  0.04699707617648368
14374  0.025381366535863075
14376  0.010882079852003457
14381  0.033929710096762766
14409  0.06172780347946413
14412  0.01708480772225038
14414  0.026879841927837034
