479
t_index	 tf-idf
48  0.02241834251544492
149  0.031018109790831562
167  0.041332029346106594
268  0.04277932750434741
283  0.03354604728016334
290  0.041332029346106594
292  0.031018109790831562
337  0.024825084328936486
338  0.04459429367920941
482  0.018387788437929514
486  0.03582971434038322
498  0.031018109790831562
526  0.02360141117185779
540  0.04683434435182996
547  0.022666430286574193
635  0.020869919899571855
689  0.03652042479655493
701  0.02418969230270759
816  0.02241834251544492
890  0.01966061446147822
920  0.019574795651888906
956  0.05555530730305682
966  0.027799461845328076
983  0.02374444499784552
1012  0.022541417268716602
1117  0.07398421522499696
1122  0.024038484634323905
1138  0.014786504371875618
1150  0.024661405074998987
1235  0.02038276322635431
1261  0.0502047626657463
1299  0.026386234927480785
1321  0.024992209713847215
1332  0.017039102262993232
1333  0.04630438048306938
1341  0.05005299229733345
1381  0.019923782072785928
1403  0.03652042479655493
1416  0.015071738502656678
1418  0.03261106639487974
1486  0.013656775063552248
1508  0.02217777372434469
1532  0.08910135458322016
1558  0.041332029346106594
1593  0.02866554318089392
1599  0.07622676280120622
1627  0.03405836455312055
1684  0.022060169164861657
1685  0.022541417268716602
1695  0.03354604728016334
1737  0.034606041183304535
1822  0.03177469749290067
1847  0.05005299229733345
1864  0.03811338140060311
1976  0.015468729351480737
2014  0.02829575860311576
2042  0.029392418449376255
2093  0.039048362285886706
2157  0.041332029346106594
2244  0.0347035692791164
2297  0.0401083561890279
2395  0.034328230561701645
2414  0.019747371200125416
2453  0.05555530730305682
2504  0.04057763875519797
2527  0.03967017319234066
2535  0.04455067729161008
2536  0.02183006138459512
2541  0.02551579478510819
2544  0.03652042479655493
2590  0.017529158677652385
2610  0.024661405074998987
2736  0.0401083561890279
2787  0.02418969230270759
2810  0.02038276322635431
2821  0.041332029346106594
2823  0.016104121377709633
2853  0.04277932750434741
2868  0.055124968341170054
2890  0.060006695411276
2895  0.013656775063552248
2899  0.04388856304339621
2920  0.05215273702820684
2956  0.030003347705638
2973  0.026679556996887645
2974  0.08994165242360794
3042  0.24386510179509863
3128  0.04683434435182996
3175  0.031018109790831562
3178  0.033877550484473905
3192  0.037277012498624036
3205  0.01802853425644089
3207  0.1865828045625925
3213  0.021177241991164275
3225  0.031018109790831562
3263  0.024992209713847215
3320  0.05005299229733345
3355  0.02516292946720159
3368  0.012386949668492181
3379  0.014786504371875618
3400  0.021073473682526017
3466  0.025698289318231624
3481  0.038990368548353194
3499  0.041332029346106594
3527  0.03261106639487974
3530  0.020288819377598986
3539  0.049322810149997974
3546  0.03177469749290067
3572  0.023890103443652885
3593  0.018687377296984223
3595  0.037277012498624036
3641  0.04455067729161008
3704  0.03261106639487974
3716  0.032181872002611016
3747  0.04664570114064812
3751  0.006953964034214055
3788  0.02241834251544492
3808  0.014647640844156729
3811  0.038156997788202446
3836  0.016159439807652446
3882  0.021282384754411146
3957  0.03564107112920138
3994  0.03405836455312055
4043  0.024661405074998987
4127  0.021282384754411146
4148  0.039048362285886706
4160  0.03519432231415433
4229  0.02588507823207768
4349  0.022922522255580682
4380  0.0401083561890279
4437  0.013987579702400476
4473  0.04095566435575691
4474  0.08598777099974506
4505  0.014115274079031128
4545  0.010330853018348721
4594  0.01782053556460069
4599  0.06354939498580134
4614  0.024992209713847215
4671  0.016557854159138286
4684  0.04455067729161008
4689  0.02551579478510819
4699  0.04277932750434741
4722  0.025698289318231624
4759  0.024661405074998987
4795  0.018536169628600534
4797  0.01966061446147822
4800  0.07304084959310986
4828  0.03582971434038322
4910  0.05005299229733345
4928  0.022922522255580682
4943  0.014376995451746399
4950  0.04455067729161008
4984  0.012996498494775284
4995  0.03354604728016334
5036  0.03677557687585903
5051  0.01768483717351551
5113  0.034606041183304535
5123  0.013576183888377854
5127  0.022666430286574193
5129  0.025698289318231624
5153  0.02804373227443997
5156  0.022094412855573575
5226  0.021606436383433
5252  0.05005299229733345
5315  0.052325777707361125
5432  0.07881714746153189
5439  0.05005299229733345
5446  0.022541417268716602
5531  0.08005391911753929
5534  0.034606041183304535
5535  0.024661405074998987
5627  0.025335951841580627
5664  0.03138739323780105
5665  0.021481664074068842
5671  0.05555530730305682
5672  0.03652042479655493
5673  0.03261106639487974
5706  0.032181872002611016
5719  0.02603275471719837
5764  0.016675458718621323
5768  0.03648966504975736
5785  0.03811338140060311
5825  0.019240507835024213
5826  0.028825165576047432
5843  0.03652042479655493
5877  0.013820454317489747
5895  0.04154013496290786
5999  0.03261106639487974
6017  0.015674926985440908
6036  0.18531351554049233
6048  0.04277932750434741
6116  0.037277012498624036
6134  0.023890103443652885
6157  0.02910372617758116
6163  0.02829575860311576
6182  0.029692007308430957
6208  0.016441966515974734
6271  0.015519778804406352
6291  0.028556049547397187
6304  0.060006695411276
6330  0.019730579776250232
6356  0.04664570114064812
6363  0.012596781160411054
6394  0.02264528543695848
6463  0.04455067729161008
6505  0.023053734541673816
6511  0.037277012498624036
6557  0.03351943113869386
6571  0.02607636851410342
6574  0.030665244472924957
6644  0.037277012498624036
6661  0.03582971434038322
6667  0.02318715217923888
6698  0.03519432231415433
6720  0.019322769323213116
6736  0.05466475278063698
6797  0.028556049547397187
6799  0.041332029346106594
6846  0.024661405074998987
6857  0.018536169628600534
6866  0.025624620251223352
6902  0.027562484170585027
6906  0.03354604728016334
6962  0.019530874940014386
7007  0.02374444499784552
7047  0.05555530730305682
7079  0.032181872002611016
7103  0.03768304243871634
7122  0.02829575860311576
7124  0.03354604728016334
7174  0.023053734541673816
7278  0.0401083561890279
7297  0.0074015551034816674
7302  0.01788926467421555
7338  0.01182088701370853
7341  0.03243029288055754
7469  0.07211545390297172
7512  0.037277012498624036
7514  0.01531752168309705
7518  0.013779217016586662
7546  0.037277012498624036
7562  0.039048362285886706
7565  0.04111101897185762
7577  0.02739475912843613
7584  0.01768483717351551
7592  0.04455067729161008
7668  0.05005299229733345
7679  0.00912241626243934
7687  0.026891253877740537
7697  0.04640618805444221
7770  0.012959317337469717
7772  0.05555530730305682
7800  0.0401083561890279
7813  0.020869919899571855
7831  0.024661405074998987
7874  0.12399608803831978
7950  0.04683434435182996
7962  0.02715236777675571
7991  0.013417415344508602
8007  0.009168301722988695
8060  0.026473359362927475
8067  0.027799461845328076
8146  0.028556049547397187
8189  0.022060169164861657
8201  0.014739946100157308
8260  0.0413429109962988
8279  0.03582971434038322
8297  0.05555530730305682
8304  0.03582971434038322
8311  0.032181872002611016
8355  0.021594262596708172
8370  0.04158572087326462
8388  0.10065171786880636
8396  0.09098219800397957
8413  0.01966061446147822
8451  0.01572732428836928
8540  0.011383239673593722
8603  0.03652042479655493
8636  0.011693363587376087
8639  0.030665244472924957
8665  0.04455067729161008
8693  0.0401083561890279
8699  0.034710811125753124
8761  0.02910372617758116
8775  0.06648003863453278
8805  0.028753990903492798
8823  0.01310909843336827
8864  0.015948534083609828
8879  0.02332285057032406
8885  0.012216229915137806
8896  0.05555530730305682
8917  0.013656775063552248
9039  0.015790951398879982
9065  0.05005299229733345
9127  0.008742741188678677
9128  0.006286498580222285
9202  0.014726572124418302
9231  0.0223462874257959
9233  0.05005299229733345
9240  0.028556049547397187
9268  0.0401083561890279
9348  0.014556396591609084
9387  0.030003347705638
9436  0.03582971434038322
9441  0.030665244472924957
9528  0.08443488387699323
9537  0.02607636851410342
9554  0.016327746378871754
9578  0.03582971434038322
9603  0.018099096166134424
9612  0.04455067729161008
9642  0.03898398244601514
9699  0.026679556996887645
9704  0.037277012498624036
9712  0.04683434435182996
9719  0.1203250685670837
9765  0.02910372617758116
9779  0.0330647991763084
9788  0.03652042479655493
9810  0.032181872002611016
9817  0.03354604728016334
9838  0.03519432231415433
9866  0.013033854622877164
9872  0.024843077333775044
9898  0.04455067729161008
9928  0.0330647991763084
9954  0.05005299229733345
9973  0.009691363875862596
10047  0.08264351672300514
10094  0.04664570114064812
10106  0.019078498894101223
10148  0.01876407511655937
10178  0.028556049547397187
10185  0.03383205501944311
10325  0.05103158957021638
10378  0.020104202624820575
10439  0.04455067729161008
10479  0.02733237639031849
10523  0.032181872002611016
10533  0.024825084328936486
10585  0.05032585893440318
10604  0.022541417268716602
10637  0.03799743538838252
10651  0.029392418449376255
10659  0.0190905171996366
10662  0.026473359362927475
10676  0.04455067729161008
10690  0.05005299229733345
10730  0.017958594045660792
10751  0.04720282234371558
10806  0.027562484170585027
10822  0.03652042479655493
10826  0.026679556996887645
10848  0.032181872002611016
10874  0.02699280537693578
10907  0.03519432231415433
10982  0.0401083561890279
11028  0.022541417268716602
11066  0.013656775063552248
11072  0.012885473432206146
11141  0.038754355148348296
11142  0.1550905489541578
11229  0.028825165576047432
11239  0.027807154396356476
11252  0.004868596108928884
11322  0.03354604728016334
11337  0.0401083561890279
11389  0.015418006095369375
11396  0.04455067729161008
11398  0.009915691089646007
11401  0.013903577198178238
11469  0.03652042479655493
11470  0.016271246762620362
11533  0.02357762717189131
11549  0.0330647991763084
11558  0.02910372617758116
11567  0.041332029346106594
11577  0.026473359362927475
11631  0.013779217016586662
11654  0.024038484634323905
11660  0.01966061446147822
11677  0.0401083561890279
11727  0.0334698417771642
11761  0.009260876096613876
11787  0.05005299229733345
11905  0.029692007308430957
11952  0.027562484170585027
12000  0.017958594045660792
12113  0.04235448398232855
12115  0.014158299455754851
12184  0.030327399334659857
12185  0.041332029346106594
12213  0.01526775247573056
12220  0.02591307123475692
12228  0.08910135458322016
12304  0.008612959073307759
12331  0.04459429367920941
12333  0.043669189774827255
12373  0.02902232954732291
12389  0.020288819377598986
12414  0.021606436383433
12443  0.026473359362927475
12473  0.02183006138459512
12490  0.019489894708123845
12511  0.026913621546235673
12535  0.011084777354322665
12548  0.034606041183304535
12558  0.055124968341170054
12598  0.03138739323780105
12605  0.026473359362927475
12644  0.061722160525140145
12671  0.009284189366152249
12679  0.039048362285886706
12682  0.030937458702961475
12720  0.03582971434038322
12743  0.043212872766866
12773  0.018387788437929514
12811  0.03405836455312055
12855  0.05005299229733345
12859  0.015994627744212894
12862  0.023011678431679915
12868  0.015622873273854688
12909  0.012491172118414478
12940  0.03707233925720107
12941  0.030937458702961475
12948  0.009966414345757367
13045  0.009865289888125116
13058  0.010910942030233935
13060  0.03582971434038322
13075  0.026891253877740537
13085  0.012885473432206146
13089  0.014927840376752785
13142  0.043212872766866
13159  0.0401083561890279
13259  0.029692007308430957
13314  0.020786212314315083
13320  0.04277932750434741
13411  0.04455067729161008
13446  0.02374444499784552
13483  0.08910135458322016
13489  0.03811338140060311
13520  0.042532024778508676
13621  0.05555530730305682
13650  0.01966061446147822
13655  0.03778155421538035
13659  0.03519432231415433
13661  0.010068843671079278
13677  0.05005299229733345
13762  0.03405836455312055
13812  0.04683434435182996
13814  0.4511444549590649
13816  0.10134960640757479
13818  0.022922522255580682
13858  0.04683434435182996
13866  0.13967800923965715
13889  0.05005299229733345
13973  0.03811338140060311
13975  0.01076893175689699
13976  0.027723813915509744
14031  0.023460909051384163
14034  0.010251338204202712
14041  0.03736883711981227
14056  0.03261106639487974
14070  0.03519432231415433
14080  0.025335951841580627
14082  0.04683434435182996
14104  0.01531752168309705
14129  0.028556049547397187
14136  0.013456810773117837
14168  0.01697732636700477
14190  0.023943405228430126
14220  0.05335911399377529
14229  0.03354604728016334
14278  0.016271246762620362
14285  0.03575367673240184
14303  0.01899871769419126
14376  0.03215930327262372
14412  0.06058792293752477
14414  0.03177469749290067
