251
t_index	 tf-idf
46  0.05099534868880751
292  0.04414713746875637
319  0.03797220650419084
320  0.035332791647638535
323  0.03797220650419084
327  0.03208251739429903
482  0.05234156622629716
555  0.02761981940894227
807  0.07907018851780595
810  0.03797220650419084
817  0.04364491493480351
854  0.04142245317587012
1112  0.01882034935914459
1117  0.21059899149763348
1122  0.03421324809436864
1136  0.03890134460120604
1232  0.07907018851780595
1274  0.025170293840488446
1299  0.009388682518709708
1333  0.013180724837049206
1486  0.019437274875103272
1627  0.09694848022828685
1644  0.030140927983606354
2055  0.07522485079400423
2093  0.11115270591210498
2499  0.06340763147663697
2527  0.11292271522291789
2590  0.012474360673046303
2616  0.056163874819854485
2777  0.023238787560037062
2791  0.03359117465528563
2807  0.0337947503735078
2811  0.047745074435468
2849  0.07123890999722146
3042  0.06310651332035548
3061  0.04102598629725574
3178  0.03214459527951587
3192  0.0530552443813884
3205  0.025659467502901698
3207  0.03319470777667126
3208  0.07907018851780595
3213  0.09042278395081906
3225  0.04414713746875637
3233  0.03711370658112599
3234  0.06088652290197289
3280  0.032811683072974454
3355  0.03581363641421903
3368  0.05288991239515792
3400  0.029993237688574006
3443  0.029847453127995947
3449  0.03711370658112599
3481  0.05549381222354223
3535  0.07907018851780595
3546  0.04522396586080391
3572  0.034002061633733066
3576  0.024886643460875768
3639  0.034428457395240926
3778  0.054537106791375516
3791  0.07123890999722146
3957  0.02536342925608677
4040  0.02901017038804066
4073  0.03123263214697405
4078  0.026927879947422833
4267  0.05197841598934086
4355  0.03464784577760546
4436  0.020399400285144986
4437  0.019908099111815843
4441  0.04414713746875637
4473  0.11658191660487854
4474  0.1223837936146501
4591  0.0402724973655143
4622  0.045803485024775326
4635  0.015902397495455283
4644  0.03581363641421903
4686  0.05557635295605249
4704  0.05557635295605249
4728  0.07907018851780595
4759  0.035099831916272244
4809  0.024076070299992355
4860  0.04522396586080391
4870  0.03993671207393967
4892  0.045803485024775326
4904  0.03922885004485044
5051  0.025170293840488446
5127  0.03226044464138017
5153  0.07982759182976702
5156  0.020964206355664268
5178  0.02027455761505856
5307  0.07907018851780595
5319  0.05197841598934086
5327  0.05918769868665572
5349  0.015902397495455283
5368  0.12681526295327394
5487  0.03739268734021943
5501  0.03827350827156939
5531  0.0284845804275874
5581  0.07907018851780595
5627  0.03605989392631088
5719  0.04940217651088796
5742  0.019096601426838344
5768  0.012983659143026445
5846  0.045803485024775326
5879  0.03262493259492129
5982  0.07851234933944574
6036  0.07535746329716086
6041  0.04568464136284537
6208  0.023401353626389565
6237  0.02348352232809761
6291  0.04064296159355894
6315  0.023158373365155353
6353  0.07907018851780595
6498  0.029993237688574006
6651  0.02348352232809761
6698  0.0500910144364099
6708  0.036841448908625146
6866  0.0182353734712393
6902  0.23537310026910263
6907  0.07907018851780595
7360  0.07907018851780595
7575  0.018711712496310238
7589  0.016916166300439187
7625  0.02786021457768483
7639  0.05547875526480066
7670  0.02942105736648809
7679  0.02596731828605289
7687  0.03827350827156939
7832  0.03858306590097804
7954  0.04706012856543493
7965  0.01611517490824239
8007  0.013048966531140994
8067  0.07913226640302279
8181  0.030442229750984904
8296  0.12177304580394578
8370  0.03945846579110382
8520  0.025963471852923314
8601  0.045803485024775326
8629  0.06715267487829751
8636  0.03328562141569509
8808  0.02546124931897046
8823  0.018657783292792086
8836  0.03797220650419084
8874  0.026032531299197737
8885  0.01738699053715176
9019  0.03107006608062155
9093  0.04925373169645461
9097  0.03262493259492129
9128  0.008947383283176348
9160  0.029847453127995947
9231  0.031804794990910566
9236  0.021659736634036666
9240  0.04064296159355894
9341  0.07123890999722146
9394  0.06088652290197289
9431  0.0530552443813884
9435  0.1141700204340782
9536  0.0530552443813884
9547  0.029282428060541505
9565  0.04706012856543493
9642  0.009247453846207202
9646  0.10953773135622474
9682  0.041833340154317555
9792  0.018339504592564095
9823  0.031397571524265956
9904  0.035332791647638535
9930  0.0624652642939481
9959  0.03487157876555534
10047  0.02352480353106753
10050  0.018132193332338828
10065  0.0402724973655143
10111  0.027040300244970856
10139  0.04225973591582541
10148  0.02670634056139916
10193  0.027268553395687758
10196  0.0570850102170391
10236  0.07123890999722146
10438  0.1581403770356119
10439  0.06340763147663697
10481  0.027040300244970856
10523  0.045803485024775326
10532  0.024076070299992355
10533  0.035332791647638535
10568  0.06665790572997649
10585  0.14325454565687612
10637  0.027040300244970856
10712  0.03107006608062155
10726  0.029993237688574006
10826  0.03797220650419084
10896  0.03339120223694587
11056  0.07907018851780595
11087  0.03359117465528563
11244  0.03156495453662426
11252  0.03464662791352085
11345  0.07907018851780595
11375  0.021589778845903605
11401  0.03957708177671557
11503  0.019968356036969837
11518  0.024076070299992355
11533  0.016778661803760836
11684  0.019968356036969837
11711  0.022235562989775998
11727  0.07145492017202543
11733  0.05424562294214701
11761  0.013180724837049206
11789  0.02253486914703093
11812  0.0530552443813884
11875  0.03797220650419084
11883  0.058826627209391996
11911  0.05424562294214701
12016  0.05557635295605249
12087  0.03339120223694587
12144  0.06088652290197289
12189  0.06340763147663697
12213  0.021730130299050455
12220  0.014752516201056637
12228  0.06340763147663697
12304  0.03677569240545554
12422  0.03797220650419084
12461  0.04706012856543493
12671  0.013213905908432896
12718  0.07123890999722146
12746  0.043164070168223025
12865  0.07907018851780595
12909  0.0533349223769148
12948  0.014184896086826975
12949  0.047745074435468
12997  0.027384432839056186
13079  0.03922885004485044
13089  0.021246343689806428
13142  0.3075178738039356
13151  0.03487157876555534
13227  0.029145479151219636
13314  0.007396096817979436
13520  0.024213817764954616
13620  0.05748863875343655
13655  0.026886671673054134
13798  0.02823067880572947
13806  0.023238787560037062
13814  0.4393317548556014
13816  0.03606195732631396
13866  0.044177663499362474
13890  0.03319470777667126
13976  0.03945846579110382
14016  0.02715385041368193
14080  0.01802994696315544
14136  0.019152671748794793
14190  0.020446754671080952
14292  0.04142245317587012
14376  0.0640799090876207
14392  0.021382467585678338
14412  0.028744319376718275
14414  0.04522396586080391
