332
t_index	 tf-idf
187  0.05813770252268762
287  0.038405525229448366
336  0.019437995766197775
464  0.04658677880714691
917  0.021617585051080048
942  0.029849154489109443
954  0.048008103341924596
961  0.020084043814450378
995  0.020463535999011195
997  0.03860075183998234
1054  0.04161703782702815
1105  0.040195713292250454
1246  0.05019274626273735
1261  0.019437995766197775
1299  0.03064821914731665
1302  0.02378547337179766
1333  0.021513441450456076
1372  0.09071114298578944
1381  0.02314193142327265
1485  0.022540390421331106
1508  0.025759994602163275
1549  0.02942997510075419
1551  0.037878504161161584
1570  0.019507583708012907
1585  0.04968917346228024
1592  0.04254571720207908
1599  0.044269569676058024
1640  0.038405525229448366
1646  0.0412396340069867
1651  0.03174718423184307
1653  0.0832340756540563
1681  0.011755261353025867
1730  0.05927436577755186
1777  0.19203241336769838
1779  0.010308145588776053
1934  0.048008103341924596
1947  0.03561838721573056
2213  0.02647510932934683
2255  0.028096884335226495
2361  0.04161703782702815
2384  0.0352259723121317
2621  0.02942997510075419
2665  0.023675048596590982
2706  0.13827186465355623
2777  0.018965053202050167
2807  0.027579719343264995
2823  0.018705307616472225
2840  0.016004877693367166
2879  0.04161703782702815
2942  0.026625037161577117
2952  0.05439916885682105
2965  0.04535557149289472
2974  0.014924185613806111
3001  0.031487438646265124
3019  0.06573234968848655
3042  0.012875224013133934
3057  0.013545449415827958
3138  0.029849154489109443
3178  0.013116518193116457
3190  0.047794473323417276
3195  0.13582776757981438
3246  0.03896450597799827
3256  0.04658677880714691
3269  0.019097722520071088
3297  0.0210225167475611
3330  0.033804647777354
3358  0.05813770252268762
3364  0.043298107947383785
3379  0.017174865139248076
3388  0.040317405991684124
3473  0.05174663700779117
3481  0.009057642086404801
3495  0.05174663700779117
3568  0.021617585051080048
3576  0.020309859799553593
3602  0.05439916885682105
3616  0.044269569676058024
3778  0.04450744812362657
3808  0.01701357195585928
3859  0.05174663700779117
3865  0.03201445971455191
3910  0.040879015365019394
3915  0.01664784407096129
3968  0.03286617484424328
3973  0.08659621589476757
4039  0.021443610860982804
4078  0.02197570223928151
4231  0.028275926048685337
4250  0.03896450597799827
4301  0.02378547337179766
4350  0.03896450597799827
4436  0.01664784407096129
4491  0.032573440463101816
4651  0.028458513372079948
4748  0.02484374476615519
4751  0.09604337914365572
4809  0.01964835527481911
4870  0.016296071110433123
4882  0.03174718423184307
4897  0.02484374476615519
4943  0.016699211103672507
4986  0.05174663700779117
4990  0.0167508659083762
5019  0.02459785396684204
5123  0.031538100084292676
5156  0.008554389678178566
5290  0.014966773950605652
5315  0.010129599180763024
5346  0.022540390421331106
5349  0.012977863572370373
5430  0.04188111493094022
5463  0.05986709580242261
5523  0.03955957428151721
5534  0.040195713292250454
5627  0.014714145585392167
5740  0.02484374476615519
5808  0.028834906797235247
5825  0.0223482926705597
5872  0.04341163764066008
6017  0.01820678845194559
6048  0.04968917346228024
6049  0.022160115557042788
6124  0.015493795018892437
6152  0.030066114111487435
6169  0.044269569676058024
6208  0.019097722520071088
6258  0.03448794985012294
6291  0.033168508766620766
6363  0.0292629024653293
6409  0.040168087628900756
6498  0.024477324688131664
6506  0.06573234968848655
6532  0.025096373131368675
6557  0.025955727144740745
6593  0.033168508766620766
6616  0.020084043814450378
6651  0.038329559937092854
6654  0.03286617484424328
6671  0.02085932030097547
6696  0.012155540102324728
6772  0.08781282476364594
6784  0.04547315132696052
6825  0.025096373131368675
6842  0.04968917346228024
6843  0.021884860533788887
6866  0.014881793086143087
6904  0.012606976482717237
6912  0.019164779968546427
7160  0.02632758044562086
7265  0.02647510932934683
7302  0.02077879264042673
7506  0.05813770252268762
7508  0.02151808930888317
7514  0.017791653967592184
7539  0.020541345393465856
7549  0.12548186565684336
7563  0.03339842220734501
7565  0.011937848676420476
7584  0.020541345393465856
7595  0.051797298445818714
7596  0.04968917346228024
7614  0.05813770252268762
7909  0.04862216040929891
7927  0.05439916885682105
7932  0.05813770252268762
8008  0.1087983377136421
8056  0.05439916885682105
8066  0.04713186130828905
8067  0.03228971473780581
8121  0.06013222822297487
8128  0.02459785396684204
8141  0.03690704243248733
8177  0.022160115557042788
8191  0.022836256185937664
8219  0.06363928643581014
8264  0.05813770252268762
8583  0.14544535370664746
8610  0.03123481028105164
8710  0.03448794985012294
8786  0.021357839465502106
8805  0.03339842220734501
8823  0.015226519536183597
8885  0.014189432202895012
8917  0.015862658546916836
9060  0.01864149865229807
9069  0.05439916885682105
9080  0.031487438646265124
9105  0.025759994602163275
9126  0.03958261886661783
9127  0.010154895104789325
9128  0.007301912784657476
9202  0.017105252454486065
9231  0.012977863572370373
9238  0.03561838721573056
9246  0.04968917346228024
9247  0.05813770252268762
9273  0.02077879264042673
9510  0.1605591829420756
9588  0.040879015365019394
9631  0.04241931391856883
9637  0.034139970495295005
9642  0.015093597609060747
9739  0.033168508766620766
9815  0.05813770252268762
9855  0.0164954379808141
9860  0.04658677880714691
9902  0.5760122488605182
9973  0.011256742188499232
10035  0.019791309433308917
10047  0.019198469342768146
10050  0.02959517662694419
10051  0.020386377736827863
10091  0.05174663700779117
10102  0.02632758044562086
10110  0.0352259723121317
10173  0.04658677880714691
10176  0.026625037161577117
10185  0.01964835527481911
10193  0.022253724061813286
10212  0.017791653967592184
10214  0.034139970495295005
10258  0.22702798167105526
10301  0.030191464232041786
10371  0.048008103341924596
10378  0.02335149404683888
10425  0.027748904980398555
10481  0.022067447857183498
10502  0.04535557149289472
10506  0.04658677880714691
10507  0.01964835527481911
10520  0.09086490652981526
10637  0.044134895714366996
10642  0.05443898060376695
10659  0.01108703754776168
10662  0.030749416184256372
10712  0.025356118716946617
10725  0.02741358226245755
10726  0.024477324688131664
10751  0.02741358226245755
10799  0.014189432202895012
10952  0.040879015365019394
11013  0.05813770252268762
11091  0.03958261886661783
11092  0.10815948161363666
11093  0.05813770252268762
11141  0.03751172953005938
11160  0.040195713292250454
11239  0.03229864981286931
11252  0.005654986431232829
11281  0.024124911402694432
11304  0.03955957428151721
11305  0.04968917346228024
11306  0.04161703782702815
11388  0.0716917099851259
11398  0.011517303410198222
11403  0.022836256185937664
11471  0.04508078084266221
11506  0.015539103997164736
11512  0.014307896682912552
11529  0.05174663700779117
11642  0.09317355761429381
11684  0.016296071110433123
11761  0.021513441450456076
11952  0.03201445971455191
12033  0.02273657566348026
12044  0.033481093227601906
12045  0.04968917346228024
12048  0.03737998499663494
12091  0.07769594766872806
12114  0.03645717962638389
12150  0.05439916885682105
12220  0.018059177177014905
12234  0.020309859799553593
12274  0.01930037591999117
12304  0.010004150190851354
12459  0.048008103341924596
12485  0.04508078084266221
12490  0.022637961263302395
12561  0.038405525229448366
12644  0.0716917099851259
12671  0.010783799624351626
12741  0.04092707199802239
12746  0.0352259723121317
12750  0.06013222822297487
12770  0.017174865139248076
12811  0.03955957428151721
12830  0.0348495788869764
12832  0.03737998499663494
12859  0.03715625648234081
12862  0.013364297056022632
12863  0.04968917346228024
12939  0.01930037591999117
12987  0.02967918915060767
13013  0.02298616436048749
13045  0.011458761254648338
13085  0.014966773950605652
13102  0.02618237494820537
13165  0.034139970495295005
13208  0.11948618330854317
13314  0.006035915999408975
13374  0.048008103341924596
13437  0.040195713292250454
13446  0.027579719343264995
13455  0.03645717962638389
13482  0.05174663700779117
13520  0.009880385130909544
13522  0.05207884157943112
13646  0.05813770252268762
13650  0.022836256185937664
13655  0.005485518095427625
13712  0.03645717962638389
13769  0.0352259723121317
13821  0.03561838721573056
13866  0.03605316053787889
13885  0.02424089228444124
13913  0.016545960619685777
13976  0.01610092396314257
13995  0.02127285860103954
14011  0.015182717275542618
14063  0.016802811727599287
14065  0.01971166046701899
14093  0.04161703782702815
14182  0.020084043814450378
14190  0.01112432649206304
14220  0.030988919481738493
14224  0.02471997970621338
14285  0.02768581226356843
14293  0.04968917346228024
14322  0.08483862783713766
14329  0.030288302176605088
14376  0.007470754179467101
14392  0.017450120162501977
