339
t_index	 tf-idf
12  0.03649928919989303
13  0.04062050812171223
420  0.028414740911751928
436  0.029115622725867034
536  0.07600310710105676
655  0.07600310710105676
762  0.04062050812171223
816  0.03066968341899142
820  0.06407228872594227
983  0.03248387388772679
1000  0.027256969968245393
1104  0.0485727593376001
1116  0.028829819418462625
1136  0.07478477326343472
1203  0.05214147035082777
1255  0.05525869167856438
1353  0.019488120652410453
1422  0.015490077707701347
1446  0.043469757506385535
1486  0.01868331556781959
1543  0.03836556561447274
1593  0.01960812075615655
1717  0.015825545273418604
1742  0.03172146273683248
1750  0.04097487317710837
1771  0.06847559880373996
1779  0.012141113444792868
1864  0.05214147035082777
1996  0.18193997154443542
2035  0.05342058220910635
2050  0.05487071963175498
2061  0.03678890366679989
2167  0.03567408993298787
2178  0.028014944885870988
2179  0.1863758229036186
2340  0.056544780428625464
2380  0.04402679749720983
2395  0.023481574584209186
2415  0.03373833216245319
2467  0.04058585147400263
2560  0.16026174662731904
2590  0.01199048829935756
2611  0.021232020268045645
2622  0.022732318975675667
2645  0.0419106399556943
2695  0.019488120652410453
2742  0.04402679749720983
2783  0.02788488466200688
2818  0.058524774101019146
2823  0.022031437161560564
2868  0.03770718835125391
2899  0.030021138568296475
2914  0.07600310710105676
2915  0.07600310710105676
2974  0.035155931597562966
2986  0.04645207152296899
2999  0.03943461485202662
3016  0.032288194739804564
3057  0.015954066286892388
3087  0.11613105980424979
3178  0.015448863620699504
3190  0.02814658163567106
3195  0.026663385134553127
3213  0.028971780902576228
3232  0.025565491527078626
3253  0.03373833216245319
3286  0.03442444864609417
3295  0.03943461485202662
3321  0.04021065197571328
3341  0.07600310710105676
3368  0.016946115646056546
3393  0.047343211334438175
3466  0.03515685413659899
3481  0.042672994542533774
3576  0.023921306674472054
3593  0.05113098305415725
3595  0.05099726580370234
3751  0.009513454230144932
3806  0.025670418902671903
3836  0.022107116205736684
3891  0.019135876837236325
4016  0.06407228872594227
4073  0.030021138568296475
4174  0.05214147035082777
4326  0.05342058220910635
4338  0.04148976383399186
4351  0.04148976383399186
4436  0.01960812075615655
4473  0.028014944885870988
4545  0.08479948719739659
4548  0.028414740911751928
4549  0.035412392959323684
4604  0.058524774101019146
4620  0.058524774101019146
4634  0.038031388512649915
4636  0.058524774101019146
4683  0.030838057317155942
4689  0.0349071902931308
4743  0.05214147035082777
4789  0.013669536420720196
4793  0.027756363648533098
4804  0.032095979122095344
4897  0.05852279073896618
5046  0.02249363027097967
5058  0.030503880215333106
5114  0.026779534892968773
5135  0.032095979122095344
5264  0.05342058220910635
5290  0.017628127083762872
5315  0.011930818375114493
5327  0.03792789745138025
5503  0.07600310710105676
5595  0.05475936399162799
5655  0.058524774101019146
5657  0.041951956943410966
5665  0.014694124599330071
5719  0.011871474517658439
5768  0.012480031411444464
5838  0.03836556561447274
6124  0.018248861678822614
6142  0.029558945458877363
6248  0.05487071963175498
6262  0.08805359499441966
6291  0.03906644742858785
6354  0.06094809050642316
6366  0.04901727213130866
6409  0.02365533667344966
6515  0.02401143083395424
6584  0.04062050812171223
6590  0.13695119760747992
6596  0.0349071902931308
6651  0.022572611701950525
6720  0.0528694944787165
6746  0.03981570303712137
6814  0.027015628949727255
6866  0.01752803514121212
6873  0.06094809050642316
6979  0.043469757506385535
7103  0.07732910992841825
7121  0.0485727593376001
7158  0.048148016419029036
7195  0.012448779882278523
7248  0.046117914196889494
7273  0.059729756668801114
7353  0.045234696648570716
7372  0.03419089343186993
7377  0.07600310710105676
7380  0.1540225134160314
7508  0.016896253625469364
7514  0.0419106399556943
7518  0.018850823755999932
7539  0.024193954439515674
7565  0.07030303065616714
7575  0.01798589728391748
7703  0.028014944885870988
7748  0.051982849012695835
7773  0.030838057317155942
7951  0.0485727593376001
7962  0.07429224736087447
8042  0.03172146273683248
8146  0.0781328948571757
8190  0.045893073911789546
8201  0.0403303214939617
8258  0.0349071902931308
8343  0.05099726580370234
8349  0.023226035761484496
8374  0.2509436829933584
8388  0.13769779458437667
8400  0.02016516074698085
8401  0.03739238663171736
8434  0.07600310710105676
8511  0.09803454426261732
8518  0.09045160096590991
8583  0.02855134521468769
8618  0.03576493778731478
8699  0.04748654311574674
8775  0.012992688192070155
8777  0.04293990125664049
8823  0.03586811991857213
8833  0.028014944885870988
8874  0.02502274626547759
8898  0.05099726580370234
8917  0.01868331556781959
8953  0.027379681995813997
9039  0.010801500600561172
9110  0.024760686442487762
9126  0.04662109803967828
9127  0.011960612355093648
9128  0.00860032007881605
9202  0.02686248575791224
9231  0.015285553792988503
9242  0.17326823936086772
9308  0.043469757506385535
9317  0.03442444864609417
9348  0.019914053631679744
9364  0.035412392959323684
9431  0.05099726580370234
9547  0.02814658163567106
9615  0.06407228872594227
9642  0.03555500439597877
9646  0.05264441683985087
9677  0.05099726580370234
9788  0.049962206887764406
9812  0.023058957098444747
9866  0.017831121758328038
9872  0.0169934355417997
9879  0.030838057317155942
9927  0.024858085291685404
9939  0.05099726580370234
9973  0.039775161134171365
10047  0.03768715272297622
10053  0.02926139536948309
10185  0.06942652536502385
10187  0.22800932130317025
10212  0.0419106399556943
10240  0.05487071963175498
10250  0.043469757506385535
10258  0.08913250389775548
10301  0.017780016257470662
10354  0.029558945458877363
10371  0.056544780428625464
10378  0.027503796476912125
10386  0.023481574584209186
10446  0.05342058220910635
10476  0.03836556561447274
10616  0.06847559880373996
10632  0.06271886516669113
10653  0.05342058220910635
10695  0.03466313735079016
10699  0.04021065197571328
10710  0.03272787613564572
10717  0.03066968341899142
10743  0.03871035326808326
10927  0.06271886516669113
10983  0.056544780428625464
11078  0.10702226979896358
11091  0.02331054901983914
11092  0.06369606080413694
11136  0.035412392959323684
11141  0.022090984251849022
11239  0.05706286859956624
11252  0.01998162458971855
11293  0.06536628735679297
11297  0.056544780428625464
11398  0.013565280590678923
11459  0.059729756668801114
11462  0.023481574584209186
11476  0.03419089343186993
11483  0.05525869167856438
11484  0.029558945458877363
11497  0.03649928919989303
11516  0.038031388512649915
11525  0.03906644742858785
11651  0.03442444864609417
11660  0.026896940348777362
11684  0.01919379643527836
11711  0.02137305989834173
11786  0.028414740911751928
11867  0.023481574584209186
11921  0.15200621420211352
11995  0.024760686442487762
12024  0.03351893280366472
12034  0.02374327155787337
12038  0.03034057038762211
12040  0.056544780428625464
12068  0.024858085291685404
12113  0.028971780902576228
12115  0.019369432051460557
12152  0.0424346985904476
12203  0.056544780428625464
12213  0.020887232614435126
12220  0.014180275649481844
12230  0.041046441100981525
12234  0.04784261334894411
12243  0.021733887072166287
12373  0.019852173698497195
12389  0.0832690909455993
12392  0.04901727213130866
12403  0.026896940348777362
12404  0.045234696648570716
12406  0.04021065197571328
12420  0.0657722767059233
12511  0.09204876006253808
12534  0.03248387388772679
12535  0.04549398939634333
12645  0.06407228872594227
12671  0.012701347053899492
12688  0.04659395572590465
12702  0.048148016419029036
12769  0.029558945458877363
12784  0.07600310710105676
12870  0.0424346985904476
12883  0.018907238942041448
12896  0.02940915137515211
12945  0.025565491527078626
13013  0.01804900320546532
13058  0.014926845623832284
13061  0.07600310710105676
13109  0.047343211334438175
13111  0.029115622725867034
13129  0.02610057013753542
13132  0.09943234116674161
13135  0.06847559880373996
13137  0.06407228872594227
13145  0.08297952766798372
13206  0.026449634011930366
13244  0.07600310710105676
13248  0.09251417195146783
13250  0.06847559880373996
13294  0.03933724348421934
13314  0.014218414022374313
13520  0.011637289725829416
13605  0.058524774101019146
13650  0.053793880697554725
13661  0.013774802823829018
13688  0.07600310710105676
13750  0.06847559880373996
13806  0.06701211011125126
13818  0.031359432583345566
13866  0.021232020268045645
13885  0.05710269042937538
13899  0.02621082386513639
13950  0.02610057013753542
13959  0.09102171116286634
13995  0.05011108687705785
14011  0.01788246889365739
14018  0.058524774101019146
14034  0.01402446666729721
14065  0.011608368539919521
14111  0.04875919651478603
14136  0.018409752012507618
14148  0.058524774101019146
14190  0.013102425530748514
14254  0.022107116205736684
14278  0.06678022517026631
14376  0.00879918441487983
14417  0.05214147035082777
14427  0.05823124545173407
14428  0.09290414304593798
