353
t_index	 tf-idf
9  0.025328586321814353
171  0.055353828911029884
193  0.01799037709045433
327  0.02916721294363198
438  0.04406943714277257
498  0.04013553374186973
527  0.04340652997873271
600  0.057645847013833455
604  0.07188516404893419
701  0.03129997985588854
746  0.07188516404893419
752  0.06476550553138383
917  0.0240820287601582
1095  0.033252011969636036
1132  0.03976947846970935
1191  0.07188516404893419
1235  0.13187023431480885
1240  0.028246762010865137
1299  0.008535542860237706
1302  0.0529941205236512
1308  0.025328586321814353
1343  0.03149943264779827
1361  0.04636145524557614
1422  0.0293016119898437
1467  0.030178339761325987
1468  0.05043745940409362
1485  0.025110035608004698
1486  0.035342060497209414
1544  0.018319972086174967
1570  0.0434629669121241
1575  0.021424848863404473
1586  0.03598075418090866
1683  0.02341912159611834
1717  0.014968097509893958
1742  0.030002754356836685
1746  0.038419638373438904
1750  0.03875480348855046
1779  0.011483292789006526
1896  0.0421967219948692
2004  0.07322595618014333
2095  0.028544507380954844
2122  0.16044334128937954
2136  0.0303569789776517
2166  0.049316380512419565
2178  0.0529941205236512
2221  0.10696222752625302
2223  0.05429721355348932
2395  0.04441862722450965
2425  0.05770228394722483
2477  0.07764498754625114
2504  0.15751493566890762
2562  0.07188516404893419
2569  0.07188516404893419
2573  0.055353828911029884
2586  0.05348111376312651
2590  0.011340828701648693
2616  0.012765080717304304
2645  0.05945980388548505
2657  0.024896038366966546
2665  0.02637404686296177
2700  0.055353828911029884
2773  0.050526188496283084
2840  0.017829462634413266
2876  0.06060077228067688
2899  0.02839455587056876
2962  0.041641370745909005
2974  0.01662556970745729
3144  0.07935789527765214
3147  0.02613235345208567
3173  0.055353828911029884
3174  0.04823417039347951
3178  0.043835474815535035
3201  0.03507706347731883
3205  0.023327818807957063
3368  0.016027953983371396
3419  0.06476550553138383
3470  0.02700439775240504
3503  0.028851141973612417
3696  0.040296250718510715
3708  0.0472551922594201
3739  0.038031988744162255
3741  0.030912330226611887
3750  0.040613363898062506
3771  0.05850571875280578
3784  0.016962370242607827
3792  0.032338388219597176
3946  0.03566416589850521
3954  0.034254905122731966
3963  0.03232562289674495
3971  0.04477809714876945
3972  0.07188516404893419
3987  0.030178339761325987
4034  0.017882821175374666
4082  0.07194160098232558
4084  0.0945103845188402
4086  0.07188516404893419
4231  0.03149943264779827
4240  0.18143435730591173
4309  0.03729799827887636
4389  0.040613363898062506
4397  0.04636145524557614
4437  0.01809907118449644
4444  0.07459599655775272
4446  0.02360419860396542
4447  0.07188516404893419
4533  0.05708901476190969
4635  0.014457363440770553
4683  0.02916721294363198
4689  0.03301587522431936
4719  0.02589621670676899
4780  0.039241796728025774
4828  0.09272291049115228
4868  0.055353828911029884
4870  0.01815385262654149
4943  0.018602951306556894
4961  0.04629522500184353
4984  0.016816672820514522
5019  0.05480410742161654
5052  0.02966033944820059
5095  0.055353828911029884
5096  0.06476550553138383
5118  0.02983012010767183
5123  0.017566750205355107
5128  0.06707425072347313
5167  0.04823417039347951
5254  0.04406943714277257
5255  0.07188516404893419
5290  0.016673013191511148
5295  0.09000826307051006
5335  0.049316380512419565
5371  0.06340341934769714
5412  0.034795635022552604
5657  0.03967894763882607
5687  0.03729799827887636
5723  0.07015412695463766
5742  0.017361313436558338
5744  0.049316380512419565
5817  0.04013553374186973
5896  0.06476550553138383
5899  0.03967894763882607
5943  0.19429651659415148
6032  0.057645847013833455
6042  0.07015412695463766
6152  0.03349370538051214
6153  0.12953101106276765
6182  0.07683927674687781
6187  0.025726121509434575
6269  0.0421967219948692
6342  0.07188516404893419
6363  0.04889838923570392
6378  0.02589621670676899
6394  0.0293016119898437
6399  0.13541293611092567
6515  0.022710461590121463
6519  0.0472551922594201
6557  0.028914726881541106
6562  0.06060077228067688
6671  0.023237320460101327
6673  0.06060077228067688
6786  0.019819934628495017
6787  0.029328972129805193
6866  0.01657834435513489
6952  0.03566416589850521
7176  0.06476550553138383
7181  0.033741223286036
7195  0.04709715790207323
7248  0.0218095940685034
7293  0.05348111376312651
7315  0.0472551922594201
7423  0.07194160098232558
7431  0.06060077228067688
7475  0.13397482152204856
7518  0.017829462634413266
7526  0.05348111376312651
7553  0.07848359345605155
7575  0.017011398956394915
7584  0.022883095839286313
7593  0.034795635022552604
7665  0.02173148345606205
7674  0.07188516404893419
7679  0.01180384775789072
7697  0.02001558808763123
7726  0.039511072646556074
7732  0.016720676831731725
7740  0.0317028352555752
7750  0.03191034728370545
7770  0.016768562680868283
7792  0.01653133513790431
7816  0.04083688697463578
7817  0.02173148345606205
7831  0.0638206945674109
7858  0.04111451187592914
7934  0.07188516404893419
7936  0.05189775566631982
7962  0.017566750205355107
7967  0.042783824416055584
7991  0.034722626873116676
8003  0.04636145524557614
8007  0.03558966219799335
8143  0.028914726881541106
8193  0.0421967219948692
8276  0.11529169402766691
8307  0.050526188496283084
8349  0.021967620201378726
8370  0.017936458352277765
8477  0.038419638373438904
8520  0.02360419860396542
8564  0.050526188496283084
8595  0.05833442588726396
8608  0.0472551922594201
8618  0.01691357444520384
8620  0.12120154456135376
8639  0.03967894763882607
8642  0.057645847013833455
8676  0.042783824416055584
8748  0.019627938458354574
8772  0.07188516404893419
8775  0.012288728155307576
8806  0.05770228394722483
8808  0.04629522500184353
8820  0.05348111376312651
8833  0.0264970602618256
8834  0.09273699067983567
8851  0.057645847013833455
8885  0.03161410616338574
8900  0.06060077228067688
8911  0.21565549214680257
8917  0.017671030248604707
9019  0.028246762010865137
9039  0.010216261838000633
9128  0.024403032059610565
9173  0.07188516404893419
9202  0.019055282104146015
9227  0.0317028352555752
9300  0.033346026383022295
9301  0.04013553374186973
9312  0.022540680930650224
9348  0.07534034156204479
9422  0.04111451187592914
9441  0.03967894763882607
9483  0.050526188496283084
9511  0.02983012010767183
9529  0.0945103845188402
9642  0.025221442463863167
9715  0.050526188496283084
9735  0.07848359345605155
9749  0.032338388219597176
9769  0.057645847013833455
9830  0.06476550553138383
9929  0.015763437321735945
10047  0.014258086330213802
10135  0.03536642052841551
10223  0.06662794083676447
10270  0.07734046010930581
10378  0.02601360651061904
10462  0.019315710891948085
10468  0.09835513612354577
10527  0.10379551133263965
10560  0.038031988744162255
10636  0.02753810200486826
10659  0.02470195967396561
10677  0.049316380512419565
10710  0.020636426015723415
10730  0.023237320460101327
10731  0.03191034728370545
10738  0.04937281744581095
10799  0.01580705308169287
10848  0.041641370745909005
10894  0.030178339761325987
10948  0.02810106458877184
11002  0.05348111376312651
11007  0.03597080049116279
11046  0.029493319572521298
11068  0.050526188496283084
11072  0.016673013191511148
11141  0.02507288063634191
11172  0.09701516465879154
11173  0.07848359345605155
11175  0.09107859378197855
11189  0.029493319572521298
11239  0.053971131271362986
11276  0.045539296890989275
11356  0.04181865020295038
11401  0.01799037709045433
11459  0.028246762010865137
11495  0.050526188496283084
11533  0.030508005074841117
11543  0.055353828911029884
11572  0.038031988744162255
11619  0.057645847013833455
11647  0.04406943714277257
11684  0.03630770525308298
11727  0.021653962363294636
11761  0.011983006300557571
11789  0.04097429880518854
11847  0.03507706347731883
11895  0.06060077228067688
11898  0.03507706347731883
11927  0.06060077228067688
11929  0.045539296890989275
11969  0.024896038366966546
12004  0.06060077228067688
12055  0.045539296890989275
12093  0.057645847013833455
12197  0.022373661054970927
12220  0.0067059853221970184
12304  0.033433924101293776
12373  0.018776558189218622
12405  0.04823417039347951
12425  0.05348111376312651
12511  0.01741228870761398
12555  0.03129997985588854
12564  0.025439630603725335
12587  0.04340652997873271
12629  0.03661297809007166
12660  0.07188516404893419
12669  0.06476550553138383
12743  0.027957404959768457
12758  0.0421967219948692
12868  0.020215040879540958
12883  0.017882821175374666
12907  0.019315710891948085
12909  0.016162811448372474
12997  0.024896038366966546
13013  0.008535542860237706
13062  0.027135246605181598
13132  0.04702248650859058
13200  0.03967894763882607
13248  0.05833442588726396
13258  0.07188516404893419
13266  0.12120154456135376
13270  0.11701143750561156
13314  0.006724021316359002
13402  0.06476550553138383
13520  0.011006766866963948
13592  0.04406943714277257
13655  0.006110877058020699
13866  0.020081642952167352
13909  0.07531687726243816
13935  0.033252011969636036
13950  0.04937281744581095
14021  0.023327818807957063
14041  0.01611766194255096
14108  0.03349370538051214
14110  0.02229115863522126
14190  0.006196259894114938
14220  0.03452171222835864
14252  0.02966033944820059
14273  0.025439630603725335
14307  0.042783824416055584
14313  0.04477809714876945
14314  0.039241796728025774
14376  0.00832243363839617
