272
t_index	 tf-idf
9  0.023490917621147776
78  0.03537762189058063
107  0.04540960069013454
126  0.02884760956509086
193  0.01668511857850005
320  0.02979157592650629
323  0.03201705329282082
335  0.07984393781328147
471  0.03336100563879075
554  0.03280047534561205
662  0.03813152456437487
666  0.03722357437687119
701  0.0290290677496285
720  0.05380668555609402
726  0.09059103048624853
728  0.08396641852835185
743  0.040257249535956365
796  0.03106363157911311
816  0.05380668555609402
890  0.023593905290713202
979  0.035272648193084705
1008  0.03913521693116514
1028  0.04573832180253477
1101  0.08997640894940047
1122  0.02884760956509086
1333  0.01111360145740375
1387  0.05958315185301258
1411  0.037666736450482755
1416  0.018086981538385793
1422  0.027175687765386033
1649  0.03201705329282082
1712  0.07778702156527757
1734  0.04813241005993282
1750  0.01797151022576486
1779  0.010650143734778699
1904  0.040257249535956365
1951  0.03395659123059785
1985  0.018624656516277076
2007  0.046860354407326006
2039  0.06006656415006529
2045  0.07016709433529154
2055  0.04228492852266063
2089  0.031769603882917705
2127  0.030197010162082843
2167  0.03129319128112507
2172  0.06006656415006529
2198  0.03600579959279338
2354  0.02242596287825886
2384  0.03639468079787593
2414  0.02369801853086568
2415  0.02959515109843072
2536  0.02619737047424241
2598  0.03201705329282082
2616  0.03551680173708376
2650  0.03336100563879075
2692  0.056203995411984856
2815  0.05698948906784011
2817  0.02289533202934068
3006  0.05346345927869565
3007  0.06666966902143492
3198  0.02390972205772947
3201  0.0325321120597955
3232  0.02242596287825886
3386  0.051337734307114156
3481  0.009358151695434662
3488  0.06305683938601046
3516  0.06730828932917345
3546  0.03813152456437487
3589  0.04299778566924557
3731  0.06666966902143492
3739  0.035272648193084705
3745  0.030620469505501544
3751  0.01669033988126293
3813  0.02979157592650629
3836  0.05817686315752104
3839  0.041967378950093455
3954  0.031769603882917705
3977  0.02270480034506727
4032  0.0325321120597955
4040  0.024460526707743468
4094  0.03600579959279338
4162  0.03459191104748692
4251  0.03201705329282082
4253  0.040257249535956365
4263  0.043957276272345525
4355  0.029214049613382344
4360  0.06666966902143492
4530  0.0276658509549248
4565  0.03365414466458672
4585  0.04299778566924557
4635  0.013408436195021207
4789  0.03597261363147064
4793  0.024347788508511645
4954  0.07360023006690497
4961  0.021468180319131714
5051  0.02122285517429535
5059  0.03201705329282082
5109  0.06666966902143492
5123  0.03258445431594208
5129  0.030839473786320112
5156  0.008838202647730213
5298  0.030839473786320112
5325  0.04087206069766408
5375  0.028919282424371032
5446  0.027051039793217085
5464  0.04985062964327118
5498  0.025289420286738723
5562  0.02815448455474039
5665  0.012889636502550825
5690  0.017914295239046585
5742  0.01610169547369763
5764  0.02001154106639085
5796  0.02675790076742111
5939  0.03967972322283242
5942  0.03336100563879075
6024  0.03227110212567744
6041  0.01925997633316615
6055  0.056203995411984856
6198  0.04299778566924557
6208  0.019731336552632768
6271  0.018624656516277076
6410  0.08051449907191273
6519  0.04382667924824083
6557  0.09385905336514845
6741  0.049600890540615214
6825  0.05185801437685171
6962  0.01171910507889631
7064  0.030620469505501544
7158  0.04223527749236778
7195  0.03276008308589269
7338  0.02837153327024663
7341  0.019459138987572504
7383  0.03722357437687119
7402  0.040257249535956365
7496  0.02163531209109846
7508  0.014821336651598547
7519  0.0276658509549248
7563  0.06901299442459337
7589  0.014263216384109947
7679  0.032842324293602926
7695  0.03129319128112507
7726  0.01832220995026595
7813  0.10018057462040215
7815  0.05470697271845642
7816  0.056811063335921
7962  0.048876681473913115
8007  0.03300752012904492
8033  0.035272648193084705
8091  0.4575782947724985
8118  0.13236756740046568
8119  0.049600890540615214
8143  0.013408436195021207
8174  0.056646190891647796
8211  0.03492620031719354
8228  0.015419332269095745
8260  0.02480697458363463
8326  0.01757803915470463
8346  0.04813241005993282
8385  0.0325321120597955
8388  0.030197010162082843
8524  0.03365414466458672
8823  0.015731696864792335
8855  0.04961394916726926
8885  0.029320403204292095
8953  0.21615628170718715
9039  0.009475039869313858
9231  0.06704218097510603
9239  0.02554012598334331
9310  0.029214049613382344
9319  0.05346345927869565
9346  0.06666966902143492
9446  0.03395659123059785
9532  0.03129319128112507
9559  0.04223527749236778
9571  0.028494744533920056
9699  0.09605115987846245
9812  0.08090895735031882
9813  0.08654282869527258
9819  0.035272648193084705
9855  0.05112814442252864
9899  0.049600890540615214
9959  0.02940269472142374
10035  0.020447934921847443
10061  0.03106363157911311
10106  0.02289533202934068
10191  0.030197010162082843
10256  0.016939167411356666
10290  0.10689651786299441
10363  0.07054529638616941
10404  0.031769603882917705
10462  0.017914295239046585
10491  0.04813241005993282
10507  0.020300237906677367
10528  0.024574615097134503
10540  0.06006656415006529
10554  0.06666966902143492
10596  0.02163531209109846
10659  0.022909754709929432
10787  0.02338903144509718
10799  0.029320403204292095
11031  0.044734629435744515
11087  0.028323095445823898
11137  0.06918382209497384
11141  0.03100501891787584
11185  0.4797653815681222
11311  0.06666966902143492
11359  0.03967972322283242
11375  0.018203869712264988
11401  0.0333702371570001
11402  0.02884760956509086
11421  0.03426895582629444
11477  0.02735348635922821
11503  0.10102040069782992
11506  0.016054652085984816
11512  0.04434778930013399
11560  0.06006656415006529
11686  0.04299778566924557
11727  0.040165798405376714
11757  0.030197010162082843
11761  0.01111360145740375
11830  0.05597761235223456
11885  0.05346345927869565
11886  0.015822858006889217
11917  0.04573832180253477
12007  0.02338903144509718
12110  0.04382667924824083
12184  0.03639468079787593
12304  0.02067212507997405
12369  0.08051449907191273
12414  0.025929007188425855
12511  0.04844691698493124
12547  0.03492620031719354
12633  0.046860354407326006
12671  0.011141578765772365
12682  0.018563394140178425
12909  0.014990148578993593
12912  0.020750381487858568
12919  0.04573832180253477
12948  0.023920578537617566
12953  0.05346345927869565
12987  0.015331934714320771
13012  0.04087206069766408
13013  0.03166504938476284
13033  0.02940269472142374
13045  0.02367786782472251
13046  0.037666736450482755
13089  0.017914295239046585
13126  0.11685619845352938
13206  0.011600764840895348
13226  0.06666966902143492
13270  0.018086981538385793
13314  0.024944689580151242
13369  0.03639468079787593
13636  0.06305683938601046
13655  0.005667513683513121
13675  0.031769603882917705
13789  0.03129319128112507
13806  0.07837706241149107
13906  0.04087206069766408
13953  0.03395659123059785
14032  0.06006656415006529
14053  0.02999213631646682
14080  0.030404647289715443
14168  0.02037380017687004
14190  0.01724010517790114
14198  0.07360023006690497
14199  0.056245128011796805
14207  0.04869557701702329
14234  0.019526462707016745
14253  0.022244504693721218
14285  0.028604357348440673
14376  0.03087445947800995
