298
t_index	 tf-idf
10  0.01821630484188444
67  0.03030413337576792
78  0.01712973538969621
171  0.04971514517890969
208  0.08488297159751618
319  0.031005116882084533
335  0.02577345892916987
338  0.02591218602241385
342  0.09075855621359345
465  0.06456249616709687
505  0.04163879037065259
542  0.0395802514226655
581  0.05177368412689677
636  0.046308054663124404
702  0.025109490594308354
728  0.027104187226221457
761  0.028290705411826267
869  0.04429270865460849
972  0.020020443202535317
1047  0.02591218602241385
1101  0.08713259932424633
1112  0.01536721685050199
1117  0.028659761738771584
1299  0.007666059617295378
1302  0.04759581129783382
1311  0.02793584712978375
1387  0.028849978330452494
1508  0.05154691785833974
1548  0.043320739158809636
1630  0.01587094969857149
1661  0.037399522902184575
1708  0.04429270865460849
1711  0.1781850218149518
1712  0.07532847178292507
1713  0.10885520482170537
1779  0.0206270669750771
1962  0.0323065920425139
1994  0.04971514517890969
1995  0.09606639278150526
1996  0.022078982150522408
2018  0.03842559916807046
2045  0.02264979375464873
2201  0.059729512305946135
2284  0.031005116882084533
2317  0.06456249616709687
2425  0.0518243720448277
2536  0.025369371944646994
2545  0.06456249616709687
2650  0.0323065920425139
2653  0.034157814898364315
2678  0.06699718649264301
2777  0.01897496592454695
2791  0.027427910892634084
2815  0.1103765392422836
2936  0.032031193147970406
2962  0.037399522902184575
3031  0.12732445739627427
3057  0.01355252940024576
3067  0.05930534751711598
3085  0.0395802514226655
3178  0.013123373982213759
3225  0.07209415955731607
3232  0.021717164096098005
3370  0.0345059761362981
3390  0.034157814898364315
3492  0.032315531787794706
3578  0.04021672293283418
3630  0.31004896058225945
3671  0.04021672293283418
3745  0.17791604255134794
3746  0.15532105238069033
3751  0.01616282217128051
3778  0.022265355718671536
3788  0.026053031168210967
3836  0.03755874357611873
3839  0.060961426291257906
4026  0.033498593246321505
4186  0.046611128952934226
4244  0.17717083461843397
4286  0.09529133389424112
4334  0.05769995666090499
4384  0.031005116882084533
4437  0.032510775469097364
4453  0.04163879037065259
4587  0.05816809014699682
4635  0.012984646888969774
4720  0.04163879037065259
4787  0.026488947435101547
4793  0.04715649635976655
4794  0.029445357666421312
4965  0.029445357666421312
4984  0.015103622407799019
5008  0.046611128952934226
5019  0.024610710861984488
5045  0.1979012571133275
5046  0.019107704586646127
5100  0.028659761738771584
5128  0.015060413064847606
5135  0.027264629145940397
5156  0.008558860917468313
5161  0.03898487208669668
5178  0.03310921784427092
5198  0.0315038966144084
5290  0.014974596838064168
5375  0.04200788202679594
5388  0.04971514517890969
5407  0.032031193147970406
5498  0.024490118584595443
5627  0.029443672856288856
5658  0.026341341440445854
5665  0.02496448893495042
5688  0.054427602410852684
5691  0.02078965337480318
5719  0.010084482822853623
5764  0.01937905290906982
5796  0.0518243720448277
5825  0.02235997375687989
6042  0.0315038966144084
6123  0.022748459698957404
6167  0.06456249616709687
6223  0.1864445158117369
6271  0.01803600246701441
6281  0.043320739158809636
6363  0.014639098852433991
6517  0.054427602410852684
6573  0.06576670691040318
6616  0.0200945414150015
6696  0.024323787207846243
6708  0.030081829176589994
6736  0.031763777964747046
6866  0.029779143110992945
6962  0.03404612717492821
6963  0.04244148579875809
6968  0.06456249616709687
7032  0.026196060046496588
7060  0.045379278106796726
7064  0.02965267375855799
7117  0.019310463910177128
7174  0.026791439382465407
7177  0.03842559916807046
7201  0.033498593246321505
7300  0.07385266627741918
7496  0.0209515027516695
7508  0.007176445487170713
7623  0.06456249616709687
7679  0.021202869485198415
7695  0.12121653350307168
7700  0.05177368412689677
7713  0.03842559916807046
7715  0.02235997375687989
7736  0.09322225790586845
7792  0.029694701976374364
7815  0.026488947435101547
7816  0.03667698882875654
7817  0.019517780002313807
7909  0.012161893603923122
7962  0.015777292266169668
7965  0.026316768373739172
8041  0.05816809014699682
8118  0.1281839356393518
8128  0.024610710861984488
8167  0.2908404507349841
8189  0.02563678712787036
8211  0.06764463382546826
8219  0.015918137411966776
8326  0.017022464671090854
8370  0.03221867930445087
8520  0.12719837274282514
8524  0.03259046606659663
8540  0.026457611467666262
8572  0.019107704586646127
8618  0.030381306066076114
8624  0.12996221747642892
8636  0.027178420152448656
8699  0.020169239619523733
8775  0.02207384444126629
8828  0.04163879037065259
8917  0.03174189939714298
8953  0.046516535476915886
9033  0.06406238629594081
9039  0.018351140307865884
9128  0.007305729374801404
9153  0.0395802514226655
9190  0.027427910892634084
9202  0.011409462059741167
9231  0.038953940666909326
9239  0.024732900434478317
9250  0.030765488400153963
9300  0.014974596838064168
9312  0.020244547612052577
9516  0.05769995666090499
9571  0.0551882696211418
9598  0.06456249616709687
9812  0.09793966892077827
9813  0.16761508277870252
9842  0.054529258291880794
9855  0.016504059875908438
9929  0.01415767599795772
10065  0.03288335345520159
10099  0.08327758074130517
10277  0.037898302634508454
10286  0.0345059761362981
10290  0.0345059761362981
10319  0.026488947435101547
10455  0.05177368412689677
10507  0.01965862514811092
10542  0.04946580086895663
10605  0.018155811655582083
10710  0.009267135946408647
10717  0.026053031168210967
10770  0.01858783872433132
10886  0.05816809014699682
10904  0.03030413337576792
11066  0.04761284909571448
11072  0.014974596838064168
11091  0.01980165402639654
11092  0.01803600246701441
11141  0.041284469925949266
11239  0.048473297681692055
11252  0.005657942199962749
11375  0.01762851512202008
11401  0.032315531787794706
11402  0.08380754138935126
11405  0.019242381107770313
11421  0.03318584540256545
11422  0.037898302634508454
11444  0.043320739158809636
11448  0.0663716908051309
11473  0.027427910892634084
11483  0.023470350132873023
11512  0.014315375186021365
11577  0.030765488400153963
11639  0.12491637111195775
11660  0.04569638464558053
11674  0.024610710861984488
11785  0.03125113620448866
11823  0.04971514517890969
11830  0.05420837445244291
11873  0.045379278106796726
11941  0.028111570116198054
11995  0.021033504872534036
12050  0.11077899941612879
12051  0.04803319639075263
12114  0.03647623519669004
12118  0.04021672293283418
12119  0.05816809014699682
12206  0.03259046606659663
12213  0.01774311507840945
12220  0.018068616412959503
12304  0.010009379196201432
12333  0.016916426976559863
12349  0.03563700436299036
12472  0.03259046606659663
12511  0.04691569551877704
12535  0.012881953681717849
12536  0.037399522902184575
12544  0.02162888420850286
12555  0.028111570116198054
12586  0.04803319639075263
12605  0.030765488400153963
12615  0.0348677941907225
12671  0.01078943613968318
12682  0.01797667635995387
12741  0.10237115976953907
12770  0.017183842159783226
12798  0.061530976800307925
12907  0.03469618597732446
12909  0.029032734806717853
12918  0.06456249616709687
12948  0.01158227033985382
13123  0.058890715332842625
13126  0.056581410823652534
13144  0.029445357666421312
13206  0.01123410910192003
13304  0.02694648803815781
13314  0.006039070873781252
13520  0.029656648338873402
13636  0.030531927118609543
13655  0.010976770571671558
13804  0.021717164096098005
13865  0.043320739158809636
13975  0.012514899998404544
14016  0.022171698286269713
14051  0.09159578135582862
14065  0.029582945143345904
14104  0.017800953373539565
14151  0.05204427896598669
14190  0.005565070497603783
14207  0.023578248179883275
14253  0.021541441109683705
14254  0.018779371788059364
14268  0.045379278106796726
14274  0.07209415955731607
14332  0.11633618029399365
14376  0.029898636080964044
14392  0.017459241054326717
14394  0.034157814898364315
14429  0.079160502845331
