286
t_index	 tf-idf
6  0.05785885020475328
9  0.024182577659316435
10  0.01936470479031343
78  0.01820963536989957
103  0.04207548627337375
126  0.08909097164839028
148  0.054505984480654995
174  0.02682961331095575
284  0.047085028215366934
312  0.029157032782502364
314  0.0363112062259806
316  0.05785885020475328
321  0.02397391541729272
327  0.02784752307742198
331  0.05785885020475328
335  0.054796560325569496
336  0.020674214495393813
389  0.030466542487582748
420  0.025659208851614993
481  0.05156513178378022
534  0.030466542487582748
540  0.05785885020475328
554  0.03376624340948165
582  0.07413188866276112
591  0.04207548627337375
635  0.02578256589189011
678  0.06183514734135335
685  0.043478841243838114
701  0.029883791538265567
726  0.09325836756581195
728  0.08643870237783086
761  0.0300742199565137
788  0.03348997850979439
796  0.03197826049868857
816  0.027695477312458583
979  0.0363112062259806
1098  0.025537384236594254
1101  0.09262564928355393
1299  0.008149346570690745
1313  0.04084804194590005
1387  0.030668750793608184
1394  0.031086122521937314
1411  0.03877578535147485
1486  0.0168714927820102
1580  0.04084804194590005
1712  0.08007736097102436
1779  0.032891170805176624
1830  0.03561042564539656
1904  0.04144257278299453
1945  0.043478841243838114
1950  0.02578256589189011
1956  0.046172533370958585
1976  0.0764398781955169
1985  0.038346071434646495
2045  0.02407769157506504
2055  0.04352995418524322
2167  0.03221457929265328
2414  0.02439577639055968
2425  0.027545752947765328
2606  0.03706594433138056
2616  0.012187516186317566
2650  0.5151491670082741
2678  0.03561042564539656
2778  0.05503762248856708
2806  0.04084804194590005
2815  0.05866747171711683
3020  0.03746627564639446
3057  0.02881382731303191
3085  0.04207548627337375
3115  0.04144257278299453
3198  0.024613713257126607
3232  0.023086266685479293
3269  0.02031230053255097
3275  0.027252992240327498
3284  0.02193119726506543
3321  0.0363112062259806
3361  0.03925425855718754
3423  0.03405051709311377
3492  0.017176390564506448
3593  0.023086266685479293
3655  0.022272336196672283
3739  0.0363112062259806
3745  0.0630441001687308
3751  0.00859088280092709
3826  0.03197826049868857
3839  0.02160152738573627
3957  0.02201537593982401
3984  0.04426380049918073
4032  0.03348997850979439
4251  0.03295975449588598
4253  0.04144257278299453
4290  0.04511709978993795
4329  0.0343432778005516
4340  0.037883647374723585
4362  0.03221457929265328
4437  0.017280166722278764
4515  0.06925880005643788
4565  0.03464504793020825
4643  0.04028750336258067
4722  0.031747502666253896
4737  0.06175043285570263
4789  0.02468785416790144
4794  0.03130166428398741
4846  0.02682961331095575
4943  0.017761248454511817
4975  0.027252992240327498
5019  0.026162229643099704
5051  0.0436954700264916
5058  0.055091505895530656
5123  0.050315792875136975
5156  0.02729529667735505
5173  0.0363112062259806
5178  0.017598251537773404
5257  0.03197826049868857
5290  0.015918631667621776
5375  0.014885386862228655
5386  0.05939398109892685
5388  0.05284930826276009
5430  0.022272336196672283
5446  0.02784752307742198
5562  0.05796691471857182
5665  0.01326915537103932
5796  0.11018301179106131
5857  0.05284930826276009
5869  0.0816960838918001
5875  0.04426380049918073
5939  0.04084804194590005
6041  0.019827061714017026
6042  0.03348997850979439
6053  0.05156513178378022
6278  0.06491346740880254
6295  0.022185932506499636
6330  0.012187516186317566
6410  0.04144257278299453
6557  0.0414096913716366
6607  0.05796691471857182
6667  0.05729051973206415
6696  0.012928608813663723
6962  0.0482566365841698
7064  0.0315220500843654
7195  0.04496621580175068
7201  0.03561042564539656
7265  0.028158874795916507
7290  0.047085028215366934
7302  0.022100283443344058
7312  0.0482400976357808
7383  0.03831957493715167
7402  0.04144257278299453
7508  0.03051546392291528
7519  0.028480436567801203
7563  0.017761248454511817
7589  0.014683178556203219
7679  0.011269774848748573
7695  0.03221457929265328
7813  0.02578256589189011
7815  0.05631774959183301
7816  0.058483792467623835
7817  0.04149645618995812
7831  0.030466542487582748
7909  0.012928608813663723
7938  0.04275208248807491
8007  0.011326461453957716
8033  0.0363112062259806
8091  0.07850851711437508
8092  0.03245673370440127
8118  0.16351795344196499
8144  0.032705019254451774
8201  0.01820963536989957
8228  0.03174666959084868
8258  0.0315220500843654
8298  0.04605178340997382
8346  0.04954960734086119
8451  0.01942943608405145
8524  0.03464504793020825
8595  0.02784752307742198
8618  0.016148308568074598
8624  0.04605178340997382
8636  0.014445906771091031
8874  0.011298077192766348
8885  0.030183704992943566
8917  0.0337429855640204
8953  0.3461433532421077
8999  0.03975727934867224
9039  0.02926206091564418
9120  0.03527796142058748
9160  0.0259074944016655
9162  0.047085028215366934
9202  0.006064371081866272
9231  0.06901615228606099
9239  0.02629212234199422
9444  0.03527796142058748
9559  0.043478841243838114
9678  0.022536211005772144
9699  0.03295975449588598
9739  0.03527796142058748
9812  0.10411402270515087
9855  0.03508903151464413
9943  0.06183514734135335
9959  0.030268419478594287
10065  0.03495639964870278
10106  0.023569455811165263
10290  0.036681316391051835
10342  0.03561042564539656
10363  0.0363112062259806
10386  0.0636133155279067
10462  0.01844175876042256
10508  0.01996326883963644
10583  0.03348997850979439
10639  0.04426380049918073
10667  0.0363112062259806
10770  0.019759661067979595
10874  0.01667336977302174
10905  0.04605178340997382
11025  0.023669017634796473
11137  0.03561042564539656
11141  0.03191792206257259
11185  0.03527796142058748
11244  0.027398280162784748
11368  0.04144257278299453
11375  0.09369929691903991
11402  0.08909097164839028
11421  0.2822236913646998
11448  0.07055592284117496
11449  0.08852760099836146
11488  0.03495639964870278
11512  0.10652495760926417
11518  0.02089795245967231
11533  0.014563825090343957
11674  0.05232445928619941
11761  0.022881654489002205
11801  0.03464504793020825
11830  0.11525160317044113
11898  0.03348997850979439
12019  0.029696990549463426
12263  0.05284930826276009
12333  0.017982879478102124
12404  0.04084804194590005
12443  0.032705019254451774
12657  0.04207548627337375
12671  0.022939256617895934
12798  0.06541003850890355
12799  0.04028750336258067
12859  0.019759661067979595
12862  0.014214240358918327
12909  0.015431514340242812
12912  0.042722699886260464
12965  0.04144257278299453
12966  0.05284930826276009
13013  0.03259738628276298
13029  0.07122085129079311
13033  0.030268419478594287
13046  0.03877578535147485
13062  0.0259074944016655
13085  0.015918631667621776
13096  0.0816960838918001
13117  0.06183514734135335
13123  0.03130166428398741
13126  0.0601484399130274
13270  0.05585858876124219
13304  0.028645259866032075
13314  0.00641978851878153
13367  0.051061325351967
13494  0.04426380049918073
13577  0.04426380049918073
13636  0.03245673370440127
13765  0.03348997850979439
13770  0.04954960734086119
13806  0.04034238740781821
13975  0.013303869585678698
13995  0.02262577103822998
14016  0.023569455811165263
14053  0.030875216427851314
14063  0.03574287575329147
14071  0.04275208248807491
14104  0.018923168560077086
14190  0.02957953005803776
14192  0.03992653767927288
14199  0.03860079593425472
14207  0.050129356029041026
14253  0.02289946569667715
14254  0.03992653767927288
14275  0.012156531151392796
14315  0.047085028215366934
14376  0.02383763885018193
14394  0.0363112062259806
14409  0.022536211005772144
